הגרלה,תאריך,1,2,3,4,5,6,המספר החזק/נוסף,מספר_זוכים_לוטו,מספר_זוכים_דאבל_לוטו,
3523,05/11/2022,06,09,22,25,31,34,4,0,0,
3522,01/11/2022,02,03,04,05,11,15,3,0,0,
3521,29/10/2022,02,05,15,24,32,33,3,0,0,
3520,27/10/2022,12,13,22,25,28,36,2,0,0,
3519,25/10/2022,05,07,10,16,31,32,4,0,0,
3518,22/10/2022,05,11,13,19,32,37,5,0,0,
3517,18/10/2022,05,07,13,17,25,32,4,1,1,
3516,15/10/2022,03,15,17,21,26,29,6,0,0,
3515,11/10/2022,05,16,18,26,29,35,4,0,0,
3514,08/10/2022,02,12,14,15,33,37,3,0,0,
3513,06/10/2022,05,06,11,18,19,35,2,0,0,
3512,01/10/2022,09,17,20,21,30,33,7,0,0,
3511,29/09/2022,06,21,24,27,28,37,6,0,0,
3510,24/09/2022,04,10,11,13,20,32,1,0,0,
3509,20/09/2022,01,15,17,29,33,34,2,0,0,
3508,17/09/2022,09,11,14,20,31,33,1,0,0,
3507,15/09/2022,06,07,15,19,27,33,7,0,0,
3506,13/09/2022,02,07,10,13,25,34,6,0,0,
3505,10/09/2022,02,07,14,17,19,28,4,0,0,
3504,06/09/2022,03,20,23,25,32,35,5,0,0,
3503,03/09/2022,01,09,13,20,22,36,5,0,0,
3502,30/08/2022,09,12,17,18,20,36,7,0,0,
3501,27/08/2022,09,16,22,27,30,34,6,1,0,
3500,23/08/2022,02,06,14,17,25,33,3,0,0,
3499,20/08/2022,08,13,16,19,23,36,1,1,0,
3498,16/08/2022,01,11,15,19,21,32,2,0,0,
3497,13/08/2022,14,18,21,27,28,34,3,0,0,
3496,09/08/2022,06,09,12,14,25,29,7,1,0,
3495,07/08/2022,08,19,25,30,31,36,2,0,0,
3494,02/08/2022,06,08,09,20,23,28,7,0,0,
3493,30/07/2022,07,13,24,26,35,37,7,0,0,
3492,28/07/2022,02,15,17,27,34,37,1,0,0,
3491,26/07/2022,11,12,13,16,34,36,6,0,0,
3490,23/07/2022,07,13,19,21,25,37,6,0,0,
3489,19/07/2022,04,08,09,10,15,24,7,0,0,
3488,16/07/2022,01,07,08,11,12,25,2,0,0,
3487,14/07/2022,06,12,15,19,26,27,4,0,0,
3486,12/07/2022,09,14,15,23,27,33,2,0,0,
3485,09/07/2022,01,12,15,19,27,31,4,0,0,
3484,05/07/2022,01,15,16,31,32,33,2,0,0,
3483,02/07/2022,02,04,12,14,26,37,4,0,0,
3482,28/06/2022,01,04,07,21,22,36,6,0,0,
3481,25/06/2022,12,17,26,28,32,35,1,0,0,
3480,21/06/2022,04,06,07,12,17,27,7,0,0,
3479,18/06/2022,01,04,09,12,30,31,3,0,0,
3478,16/06/2022,01,07,10,13,29,36,2,0,0,
3477,14/06/2022,03,05,06,10,15,36,3,0,0,
3476,11/06/2022,07,08,20,31,36,37,4,0,0,
3475,07/06/2022,03,06,13,23,25,29,5,1,0,
3474,02/06/2022,11,24,25,27,29,32,3,0,0,
3473,31/05/2022,02,05,10,19,27,36,1,0,0,
3472,28/05/2022,01,02,08,19,31,33,7,0,0,
3471,24/05/2022,06,10,13,20,23,35,7,0,0,
3470,21/05/2022,03,04,05,15,24,33,6,0,0,
3469,19/05/2022,01,08,18,25,29,30,1,0,0,
3468,17/05/2022,01,04,05,24,31,32,6,0,0,
3467,14/05/2022,09,16,17,21,26,29,6,0,0,
3466,10/05/2022,17,19,21,23,25,34,7,1,0,
3465,07/05/2022,03,13,21,24,27,35,2,0,0,
3464,02/05/2022,01,14,15,17,28,37,1,0,0,
3463,30/04/2022,08,09,10,18,29,32,2,0,0,
3462,26/04/2022,07,10,11,19,22,29,6,0,0,
3461,24/04/2022,10,13,17,22,29,35,3,0,0,
3460,19/04/2022,02,03,05,08,14,19,7,0,1,
3459,16/04/2022,06,07,14,19,20,23,6,0,0,
3458,12/04/2022,09,15,17,23,26,29,3,0,0,
3457,09/04/2022,02,12,19,29,30,33,1,0,0,
3456,07/04/2022,15,20,27,29,36,37,7,0,0,
3455,05/04/2022,07,14,15,20,27,36,5,0,0,
3454,02/04/2022,01,03,09,26,29,34,1,0,0,
3453,29/03/2022,01,03,05,11,25,31,1,0,0,
3452,26/03/2022,01,11,12,13,18,36,2,0,1,
3451,22/03/2022,02,16,26,27,33,35,7,0,0,
3450,19/03/2022,09,10,18,19,29,35,7,0,0,
3449,17/03/2022,08,18,21,23,33,36,1,0,0,
3448,15/03/2022,03,09,16,27,34,37,7,0,0,
3447,12/03/2022,01,04,16,21,22,35,7,0,0,
3446,08/03/2022,01,02,04,08,18,21,5,1,0,
3445,05/03/2022,10,12,19,23,27,30,3,0,0,
3444,01/03/2022,07,16,20,30,32,33,5,0,0,
3443,26/02/2022,01,22,27,30,31,37,3,0,0,
3442,22/02/2022,14,22,25,28,33,34,6,0,0,
3441,19/02/2022,09,12,15,25,29,30,5,0,0,
3440,15/02/2022,04,08,11,12,15,25,2,0,0,
3439,12/02/2022,02,05,12,15,16,34,4,0,0,
3438,10/02/2022,03,09,10,16,27,31,5,0,0,
3437,08/02/2022,02,15,17,18,31,33,1,0,0,
3436,05/02/2022,06,07,16,30,32,36,3,0,1,
3435,01/02/2022,02,06,09,11,33,37,1,0,0,
3434,29/01/2022,03,05,07,23,26,36,1,0,0,
3433,25/01/2022,03,24,26,27,32,37,5,0,0,
3432,22/01/2022,08,16,18,19,35,36,6,0,0,
3431,18/01/2022,08,17,21,27,33,34,3,0,0,
3430,15/01/2022,07,12,17,19,36,37,3,0,0,
3429,13/01/2022,01,05,10,11,23,34,5,0,0,
3428,11/01/2022,08,09,30,31,33,36,4,0,0,
3427,08/01/2022,07,10,12,15,18,34,3,0,0,
3426,04/01/2022,01,06,09,12,28,29,7,0,0,
3425,01/01/2022,04,08,09,28,33,37,2,0,0,
3424,28/12/2021,06,08,14,15,23,36,1,0,0,
3423,25/12/2021,16,20,21,23,34,36,7,0,0,
3422,21/12/2021,04,24,28,30,32,34,1,0,0,
3421,18/12/2021,01,05,10,13,30,33,1,0,0,
3420,16/12/2021,06,13,15,20,29,31,5,0,0,
3419,14/12/2021,06,08,10,12,25,34,4,0,0,
3418,11/12/2021,12,15,17,20,21,23,1,0,0,
3417,07/12/2021,05,11,13,18,32,37,1,0,0,
3416,04/12/2021,15,20,23,26,28,37,3,0,0,
3415,02/12/2021,03,15,19,26,27,31,6,0,1,
3414,30/11/2021,03,04,19,27,32,33,5,1,0,
3413,27/11/2021,08,17,22,24,28,33,1,0,0,
3412,23/11/2021,08,15,16,23,27,33,2,0,0,
3411,20/11/2021,13,18,20,23,26,36,1,0,0,
3410,18/11/2021,04,09,20,23,32,37,2,1,0,
3409,16/11/2021,07,09,17,20,22,26,4,0,0,
3408,13/11/2021,02,09,13,31,34,37,2,0,0,
3407,09/11/2021,06,09,19,21,28,36,7,0,0,
3406,06/11/2021,07,08,21,24,26,30,5,0,0,
3405,04/11/2021,01,04,15,26,33,37,5,0,0,
3404,02/11/2021,02,06,10,12,24,31,1,0,1,
3403,30/10/2021,01,02,17,19,36,37,4,0,0,
3402,26/10/2021,14,17,27,29,33,35,3,0,0,
3401,23/10/2021,07,16,17,22,26,29,5,0,0,
3400,19/10/2021,07,12,24,28,32,34,5,0,0,
3399,16/10/2021,05,10,14,20,23,28,4,0,0,
3398,14/10/2021,08,16,17,20,29,30,5,0,0,
3397,12/10/2021,07,11,22,28,31,32,3,0,0,
3396,09/10/2021,07,20,24,26,33,36,4,0,0,
3395,05/10/2021,04,10,11,14,15,33,3,0,0,
3394,02/10/2021,10,12,13,17,30,31,7,0,0,
3393,29/09/2021,03,05,08,09,19,36,2,0,0,
3392,25/09/2021,11,14,16,30,32,35,2,1,0,
3391,22/09/2021,04,06,12,20,31,36,6,0,0,
3390,18/09/2021,08,26,28,29,33,35,6,0,0,
3389,14/09/2021,04,08,24,25,30,31,7,1,0,
3388,11/09/2021,15,19,21,30,32,35,5,0,0,
3387,09/09/2021,01,03,09,23,25,27,1,1,0,
3386,04/09/2021,02,06,12,13,26,37,3,0,0,
3385,02/09/2021,01,02,11,16,28,37,4,0,0,
3384,31/08/2021,06,11,15,20,36,37,4,0,0,
3383,28/08/2021,04,05,08,17,26,36,7,0,0,
3382,24/08/2021,15,18,21,28,31,33,2,0,0,
3381,21/08/2021,06,21,25,26,30,35,5,0,0,
3380,17/08/2021,04,11,25,26,28,37,7,0,0,
3379,14/08/2021,02,12,13,23,25,30,7,0,0,
3378,10/08/2021,03,09,10,17,24,32,3,0,0,
3377,07/08/2021,13,17,18,23,25,27,3,1,0,
3376,05/08/2021,02,04,10,11,18,35,6,0,0,
3375,03/08/2021,01,11,21,23,27,36,1,0,1,
3374,31/07/2021,16,24,28,34,35,36,1,0,0,
3373,27/07/2021,15,18,23,25,29,37,3,0,0,
3372,24/07/2021,10,16,19,23,24,28,6,0,0,
3371,22/07/2021,04,12,20,30,35,37,7,0,0,
3370,20/07/2021,02,11,13,27,28,31,1,0,0,
3369,18/07/2021,11,13,14,17,21,23,1,0,1,
3368,13/07/2021,08,09,23,24,28,33,3,0,0,
3367,10/07/2021,02,08,15,16,23,33,4,0,0,
3366,06/07/2021,08,11,14,16,18,29,5,0,0,
3365,03/07/2021,02,10,13,16,32,37,6,0,0,
3364,01/07/2021,02,13,19,20,22,25,6,0,1,
3363,29/06/2021,07,12,13,21,28,35,6,0,0,
3362,26/06/2021,03,04,09,19,22,26,1,0,0,
3361,22/06/2021,03,06,08,13,18,27,5,0,0,
3360,19/06/2021,12,18,20,26,29,37,6,0,0,
3359,17/06/2021,01,02,08,19,28,30,4,0,0,
3358,15/06/2021,03,16,22,25,26,37,5,0,0,
3357,12/06/2021,02,10,19,32,33,37,6,0,0,
3356,08/06/2021,02,05,22,26,30,33,4,0,0,
3355,05/06/2021,07,09,10,21,24,33,2,0,0,
3354,03/06/2021,08,14,15,20,32,33,6,0,0,
3353,01/06/2021,04,06,13,14,16,31,5,0,0,
3352,29/05/2021,09,11,15,21,23,24,2,0,0,
3351,25/05/2021,04,09,13,14,25,34,4,0,1,
3350,22/05/2021,01,05,10,21,22,33,7,0,0,
3349,18/05/2021,01,13,14,17,19,20,4,0,0,
3348,15/05/2021,01,05,09,24,36,37,1,0,0,
3347,11/05/2021,04,06,14,20,28,31,6,0,0,
3346,08/05/2021,10,11,12,20,26,35,3,0,0,
3345,06/05/2021,04,08,13,17,28,29,4,0,0,
3344,04/05/2021,11,22,23,25,32,34,6,0,0,
3343,01/05/2021,02,05,11,18,24,25,5,0,0,
3342,27/04/2021,02,15,19,33,34,36,7,0,0,
3341,24/04/2021,01,02,13,14,22,36,7,0,0,
3340,22/04/2021,03,05,13,23,24,35,1,0,0,
3339,20/04/2021,01,03,04,13,20,37,5,0,0,
3338,17/04/2021,02,06,10,11,16,35,6,0,0,
3337,12/04/2021,02,05,06,07,15,30,7,0,0,
3336,10/04/2021,02,07,08,10,30,31,1,0,0,
3335,06/04/2021,05,13,15,21,22,33,7,0,0,
3334,03/04/2021,03,05,07,09,19,27,5,0,1,
3333,30/03/2021,01,07,16,23,28,34,5,0,0,
3332,25/03/2021,01,05,25,27,28,31,4,0,0,
3331,23/03/2021,08,16,22,26,28,34,7,0,0,
3330,20/03/2021,11,12,18,33,35,36,5,0,0,
3329,16/03/2021,04,05,14,17,24,32,5,0,1,
3328,13/03/2021,01,06,12,14,18,34,3,0,0,
3327,09/03/2021,01,05,24,25,29,35,3,0,0,
3326,06/03/2021,07,13,15,22,29,34,1,0,0,
3325,04/03/2021,07,20,24,26,27,37,4,0,0,
3324,02/03/2021,08,15,19,23,27,37,7,1,0,
3323,28/02/2021,14,16,22,23,29,30,6,0,0,
3322,23/02/2021,04,12,13,15,16,24,2,0,0,
3321,20/02/2021,08,10,15,20,23,32,7,0,0,
3320,16/02/2021,05,09,18,21,30,33,7,0,0,
3319,13/02/2021,05,22,26,31,33,36,5,0,0,
3318,09/02/2021,03,07,12,13,20,31,7,0,0,
3317,06/02/2021,03,16,18,20,30,36,3,0,0,
3316,02/02/2021,06,21,28,30,32,35,1,0,0,
3315,30/01/2021,14,17,19,20,28,29,3,0,0,
3314,26/01/2021,02,04,17,31,33,35,3,1,0,
3313,23/01/2021,03,07,12,16,23,37,6,0,0,
3312,19/01/2021,06,14,17,22,24,33,1,0,0,
3311,16/01/2021,01,09,17,22,33,36,1,0,0,
3310,12/01/2021,02,09,11,13,35,37,2,0,0,
3309,09/01/2021,12,24,25,28,34,37,3,0,0,
3308,05/01/2021,05,12,14,16,17,24,2,0,0,
3307,02/01/2021,06,19,20,25,27,32,3,1,0,
3306,29/12/2020,12,13,16,21,25,33,3,0,0,
3305,26/12/2020,01,10,17,20,35,36,7,0,0,
3304,22/12/2020,01,05,12,27,32,36,1,0,0,
3303,19/12/2020,03,09,11,22,26,34,5,0,0,
3302,15/12/2020,03,08,09,16,20,21,5,0,0,
3301,12/12/2020,03,05,19,20,31,37,7,0,0,
3300,08/12/2020,08,10,16,18,23,30,7,1,2,
3299,05/12/2020,01,15,21,25,33,37,3,0,0,
3298,03/12/2020,09,16,19,23,26,33,7,0,0,
3297,01/12/2020,03,04,12,16,22,31,3,0,0,
3296,28/11/2020,05,08,09,11,18,22,1,0,0,
3295,24/11/2020,01,05,22,27,28,29,5,0,0,
3294,21/11/2020,02,13,21,22,23,25,1,0,0,
3293,19/11/2020,04,17,25,27,34,37,3,0,0,
3292,17/11/2020,02,20,24,25,32,34,3,0,0,
3291,14/11/2020,09,19,22,24,29,34,7,0,0,
3290,10/11/2020,05,06,12,18,23,31,2,0,0,
3289,07/11/2020,05,10,14,23,26,35,2,0,0,
3288,03/11/2020,01,17,23,24,32,37,1,0,1,
3287,31/10/2020,05,11,14,24,30,36,7,0,0,
3286,27/10/2020,03,17,19,22,23,28,3,0,0,
3285,24/10/2020,20,22,31,32,36,37,3,0,0,
3284,20/10/2020,02,08,15,22,24,35,3,1,0,
3283,17/09/2020,05,10,12,14,24,29,5,0,0,
3282,15/09/2020,01,08,14,19,29,37,6,0,0,
3281,12/09/2020,02,05,12,17,23,32,4,0,0,
3280,08/09/2020,05,06,13,16,20,28,3,0,0,
3279,05/09/2020,06,19,23,28,33,34,3,0,0,
3278,03/09/2020,04,06,24,26,35,36,1,0,0,
3277,01/09/2020,04,05,08,13,17,28,5,0,0,
3276,29/08/2020,03,06,14,22,32,37,1,0,0,
3275,25/08/2020,02,12,19,20,21,36,5,0,0,
3274,22/08/2020,11,12,29,31,34,35,7,0,0,
3273,20/08/2020,02,06,07,19,24,28,1,0,1,
3272,18/08/2020,06,20,21,24,30,31,3,0,0,
3271,15/08/2020,01,12,14,17,24,28,1,0,0,
3270,11/08/2020,15,18,21,24,28,34,2,0,0,
3269,08/08/2020,05,09,14,27,29,34,2,0,0,
3268,06/08/2020,10,20,24,26,28,35,6,0,0,
3267,04/08/2020,04,17,20,21,33,34,6,0,1,
3266,01/08/2020,04,06,07,15,16,34,6,0,0,
3265,28/07/2020,01,03,11,13,25,34,3,1,0,
3264,25/07/2020,12,13,17,21,23,25,6,0,0,
3263,21/07/2020,03,06,10,12,30,36,5,0,0,
3262,18/07/2020,04,09,12,30,31,33,5,0,0,
3261,14/07/2020,06,20,22,30,32,33,5,0,0,
3260,11/07/2020,10,12,18,28,34,37,4,0,0,
3259,07/07/2020,01,07,09,21,31,36,4,0,0,
3258,04/07/2020,01,04,08,27,28,33,7,0,0,
3257,02/07/2020,10,12,13,24,25,31,7,0,0,
3256,30/06/2020,22,24,26,27,28,29,2,0,0,
3255,27/06/2020,01,06,13,21,25,28,1,0,0,
3254,23/06/2020,01,03,18,19,25,30,1,0,0,
3253,20/06/2020,03,05,10,11,18,23,2,0,1,
3252,18/06/2020,05,06,08,18,20,30,5,0,0,
3251,16/06/2020,18,19,28,30,32,35,3,0,0,
3250,13/06/2020,05,12,15,22,24,31,5,0,0,
3249,09/06/2020,13,14,21,24,27,30,3,0,0,
3248,06/06/2020,07,08,18,23,25,37,6,0,0,
3247,04/06/2020,05,15,26,28,32,37,3,0,0,
3246,02/06/2020,02,13,22,23,25,30,6,1,0,
3245,30/05/2020,01,13,25,27,33,37,5,0,0,
3244,26/05/2020,09,16,22,26,30,36,6,0,0,
3243,23/05/2020,05,08,10,12,14,22,4,1,1,
3242,19/05/2020,20,21,23,26,29,33,5,0,0,
3241,16/05/2020,10,11,14,19,24,35,6,0,0,
3240,12/05/2020,02,07,12,20,21,29,3,0,0,
3239,09/05/2020,08,09,13,24,26,34,1,0,0,
3238,07/05/2020,05,07,10,13,20,29,3,0,0,
3237,05/05/2020,01,02,06,08,20,37,1,0,0,
3236,02/05/2020,01,13,16,32,33,37,2,0,1,
3235,25/04/2020,15,16,18,20,28,37,4,0,0,
3234,17/03/2020,03,07,09,23,25,33,5,0,1,
3233,14/03/2020,11,13,17,18,32,35,7,1,0,
3232,10/03/2020,11,19,23,27,30,36,1,0,1,
3231,07/03/2020,14,19,21,22,23,32,5,0,0,
3230,05/03/2020,04,10,15,18,26,32,6,0,0,
3229,03/03/2020,02,04,20,23,25,35,5,0,0,
3228,29/02/2020,07,21,25,27,30,31,6,0,0,
3227,25/02/2020,06,16,18,28,33,37,2,0,0,
3226,22/02/2020,01,15,22,23,29,33,3,0,0,
3225,18/02/2020,07,08,15,20,27,29,4,0,0,
3224,15/02/2020,04,08,10,14,21,35,2,1,0,
3223,11/02/2020,05,06,12,16,25,33,1,0,0,
3222,08/02/2020,01,19,20,32,34,35,4,0,0,
3221,06/02/2020,05,09,13,14,17,33,2,0,0,
3220,04/02/2020,09,21,25,27,32,34,4,1,0,
3219,01/02/2020,08,12,26,28,32,33,3,1,0,
3218,28/01/2020,12,14,16,17,31,36,5,0,0,
3217,25/01/2020,03,04,17,22,27,34,7,0,0,
3216,21/01/2020,01,04,06,30,35,36,4,0,0,
3215,18/01/2020,05,09,12,28,30,36,1,0,0,
3214,16/01/2020,08,21,23,24,36,37,2,0,0,
3213,14/01/2020,06,16,23,25,27,30,6,0,0,
3212,11/01/2020,07,14,16,31,32,35,3,0,0,
3211,07/01/2020,02,06,09,27,35,37,7,0,0,
3210,04/01/2020,01,07,12,18,31,33,3,0,0,
3209,31/12/2019,01,05,08,15,17,31,2,0,0,
3208,28/12/2019,02,17,18,29,31,32,2,0,0,
3207,24/12/2019,02,11,16,21,22,31,7,0,0,
3206,21/12/2019,01,06,07,16,26,36,1,1,0,
3205,19/12/2019,04,13,15,22,30,37,2,0,0,
3204,17/12/2019,02,05,12,14,29,33,3,0,0,
3203,14/12/2019,02,03,05,09,24,32,6,0,0,
3202,10/12/2019,06,15,28,31,34,35,2,0,0,
3201,07/12/2019,02,15,20,26,27,30,7,0,0,
3200,05/12/2019,08,09,10,17,30,34,4,0,0,
3199,03/12/2019,09,10,16,20,32,34,3,0,0,
3198,30/11/2019,06,17,20,25,33,36,3,0,0,
3197,26/11/2019,02,05,08,22,24,29,5,0,0,
3196,23/11/2019,06,07,14,19,20,28,1,0,0,
3195,21/11/2019,04,07,09,14,20,22,4,0,0,
3194,19/11/2019,02,10,15,17,18,24,1,0,0,
3193,16/11/2019,03,08,31,32,34,35,5,0,0,
3192,12/11/2019,02,06,14,19,27,29,3,0,0,
3191,09/11/2019,10,16,19,30,34,37,4,0,0,
3190,07/11/2019,01,19,21,26,30,33,3,0,0,
3189,05/11/2019,09,11,14,19,23,33,2,1,0,
3188,02/11/2019,01,11,27,29,33,37,6,0,0,
3187,29/10/2019,03,13,20,26,29,35,1,1,0,
3186,26/10/2019,01,15,19,23,28,32,3,0,0,
3185,22/10/2019,05,14,15,19,20,31,3,0,0,
3184,19/10/2019,04,05,10,16,17,18,3,1,0,
3183,15/10/2019,03,04,06,08,14,35,1,0,0,
3182,12/10/2019,01,05,12,22,34,37,6,0,0,
3181,10/10/2019,08,14,16,26,32,35,2,0,0,
3180,05/10/2019,06,08,12,13,32,35,4,0,0,
3179,02/10/2019,01,22,32,33,35,37,4,0,0,
3178,28/09/2019,03,19,25,30,33,34,6,0,0,
3177,24/09/2019,05,06,07,14,26,37,4,0,1,
3176,21/09/2019,02,11,22,32,35,37,3,0,0,
3175,17/09/2019,02,08,16,19,29,33,7,0,0,
3174,14/09/2019,07,16,17,27,32,37,6,0,0,
3173,10/09/2019,03,12,13,17,18,36,5,0,0,
3172,07/09/2019,06,10,29,32,33,34,3,0,0,
3171,05/09/2019,01,07,10,24,28,37,7,0,0,
3170,03/09/2019,01,04,06,17,20,34,1,0,0,
3169,31/08/2019,01,03,18,21,23,36,3,0,0,
3168,27/08/2019,02,06,09,12,16,18,2,1,0,
3167,24/08/2019,04,05,06,09,20,37,6,1,0,
3166,20/08/2019,09,16,21,25,27,36,5,0,0,
3165,17/08/2019,11,13,17,24,34,36,1,0,0,
3164,13/08/2019,01,13,15,27,31,35,4,0,0,
3163,11/08/2019,11,17,25,33,35,36,3,0,0,
3162,08/08/2019,06,10,22,25,30,37,1,0,0,
3161,06/08/2019,01,14,25,29,30,33,3,0,0,
3160,03/08/2019,11,19,20,27,30,37,5,0,0,
3159,30/07/2019,06,10,11,24,32,36,4,0,0,
3158,27/07/2019,04,13,17,28,35,37,3,0,0,
3157,23/07/2019,01,10,28,31,32,35,6,0,0,
3156,20/07/2019,14,17,25,26,29,35,7,0,0,
3155,16/07/2019,03,04,07,18,22,23,2,1,0,
3154,13/07/2019,13,15,16,28,31,32,6,0,0,
3153,09/07/2019,01,10,12,14,27,29,2,0,0,
3152,06/07/2019,04,18,19,23,24,37,5,0,0,
3151,04/07/2019,08,18,26,29,31,36,4,0,0,
3150,02/07/2019,01,28,29,30,32,34,5,0,0,
3149,29/06/2019,10,11,14,24,27,35,3,1,1,
3148,25/06/2019,17,22,26,28,34,36,5,1,0,
3147,22/06/2019,03,10,11,17,24,36,7,0,0,
3146,20/06/2019,04,11,16,25,35,36,6,1,0,
3145,18/06/2019,01,09,13,19,20,34,5,0,0,
3144,15/06/2019,04,07,08,09,16,31,1,0,0,
3143,11/06/2019,04,13,17,19,25,37,1,0,0,
3142,09/06/2019,03,13,14,20,22,23,3,0,0,
3141,06/06/2019,10,12,15,19,27,28,3,0,0,
3140,04/06/2019,01,06,19,22,25,32,5,0,0,
3139,01/06/2019,04,05,19,24,31,37,6,0,0,
3138,28/05/2019,01,04,11,14,17,22,2,0,0,
3137,25/05/2019,03,10,16,25,29,32,1,0,0,
3136,21/05/2019,17,20,22,24,28,32,7,1,0,
3135,18/05/2019,03,27,29,31,32,33,3,0,0,
3134,16/05/2019,01,08,13,21,25,31,5,0,0,
3133,14/05/2019,01,12,16,20,30,36,6,0,0,
3132,11/05/2019,06,18,19,23,24,28,4,0,1,
3131,06/05/2019,07,08,11,14,16,22,5,0,0,
3130,04/05/2019,09,10,11,13,15,21,3,0,1,
3129,30/04/2019,01,12,17,21,25,26,2,0,0,
3128,28/04/2019,08,19,26,30,31,36,2,0,0,
3127,23/04/2019,02,08,15,27,31,35,4,0,0,
3126,20/04/2019,01,08,15,22,31,35,4,0,0,
3125,16/04/2019,12,13,15,17,25,31,2,0,0,
3124,13/04/2019,10,13,14,19,20,25,6,0,0,
3123,09/04/2019,01,03,06,09,14,28,1,0,0,
3122,06/04/2019,03,04,05,18,23,29,4,0,0,
3121,04/04/2019,04,05,19,25,31,32,3,0,0,
3120,02/04/2019,01,11,17,21,33,34,1,1,0,
3119,30/03/2019,04,06,10,18,22,25,6,0,0,
3118,26/03/2019,01,15,20,22,23,31,4,0,0,
3117,23/03/2019,03,05,07,18,23,27,7,0,0,
3116,19/03/2019,03,22,24,25,28,37,6,0,0,
3115,16/03/2019,07,11,12,25,28,31,6,1,0,
3114,12/03/2019,06,20,25,30,33,35,1,0,0,
3113,09/03/2019,12,14,15,18,20,21,5,1,0,
3112,07/03/2019,11,14,19,20,21,26,2,0,0,
3111,05/03/2019,02,21,25,27,28,36,6,0,0,
3110,02/03/2019,20,25,28,34,36,37,6,0,0,
3109,26/02/2019,05,06,12,16,29,34,5,1,0,
3108,23/02/2019,12,15,21,24,30,32,7,0,0,
3107,19/02/2019,03,09,23,24,25,26,2,0,0,
3106,16/02/2019,03,09,11,13,21,25,7,0,0,
3105,12/02/2019,10,11,17,21,23,32,7,0,0,
3104,09/02/2019,03,07,09,21,22,33,7,0,0,
3103,07/02/2019,04,13,18,22,28,34,3,0,0,
3102,05/02/2019,01,06,12,17,22,26,6,0,1,
3101,02/02/2019,11,18,19,25,35,37,5,0,0,
3100,29/01/2019,01,13,20,25,31,33,2,2,0,
3099,26/01/2019,11,12,26,34,36,37,2,0,0,
3098,22/01/2019,03,10,13,17,33,37,2,0,0,
3097,19/01/2019,04,09,17,26,27,37,2,0,0,
3096,15/01/2019,06,07,17,28,33,36,7,0,1,
3095,12/01/2019,08,15,20,24,25,33,4,0,0,
3094,08/01/2019,05,08,14,15,18,25,3,0,0,
3093,05/01/2019,06,09,13,20,26,36,7,0,0,
3092,03/01/2019,08,14,20,23,24,28,4,0,0,
3091,01/01/2019,07,13,15,16,20,31,7,0,0,
3090,29/12/2018,03,07,11,17,19,31,6,1,0,
3089,27/12/2018,12,13,19,21,35,36,6,0,0,
3088,25/12/2018,06,09,10,11,18,29,5,2,1,
3087,22/12/2018,16,17,19,29,34,37,4,0,0,
3086,18/12/2018,03,16,19,22,25,26,2,0,0,
3085,15/12/2018,01,03,04,13,23,28,5,0,0,
3084,13/12/2018,01,10,18,25,31,36,6,0,0,
3083,11/12/2018,15,21,23,27,36,37,3,0,0,
3082,08/12/2018,08,11,13,18,25,31,6,0,0,
3081,04/12/2018,01,03,07,09,15,22,2,0,0,
3080,01/12/2018,07,08,25,31,32,35,7,1,0,
3079,27/11/2018,03,05,08,18,19,29,2,0,0,
3078,24/11/2018,02,12,14,18,22,25,7,1,0,
3077,20/11/2018,03,05,16,18,21,26,2,0,0,
3076,17/11/2018,06,16,23,24,30,33,1,0,0,
3075,13/11/2018,09,20,25,27,34,37,2,0,0,
3074,10/11/2018,16,18,20,22,24,25,4,0,0,
3073,06/11/2018,08,09,13,14,27,29,5,0,0,
3072,03/11/2018,02,07,09,19,24,25,7,0,0,
3071,01/11/2018,04,08,13,20,27,29,6,0,0,
3070,30/10/2018,06,07,11,17,22,29,6,0,0,
3069,27/10/2018,11,17,19,25,27,28,2,1,0,
3068,23/10/2018,04,16,23,29,35,36,4,0,0,
3067,20/10/2018,07,20,21,25,35,37,3,0,0,
3066,16/10/2018,08,13,14,27,30,37,6,0,0,
3065,13/10/2018,01,05,15,17,23,37,5,2,1,
3064,09/10/2018,06,16,21,27,28,29,1,0,0,
3063,06/10/2018,01,03,13,17,21,32,1,0,0,
3062,04/10/2018,07,14,18,27,34,37,7,0,0,
3061,02/10/2018,04,12,21,24,35,37,7,0,0,
3060,29/09/2018,01,08,15,16,20,31,6,0,0,
3059,25/09/2018,06,13,22,25,29,37,5,0,0,
3058,22/09/2018,07,11,18,20,21,22,1,0,0,
3057,17/09/2018,02,12,16,17,28,36,4,0,0,
3056,15/09/2018,04,08,13,18,21,32,7,0,0,
3055,12/09/2018,07,08,11,20,30,37,7,0,0,
3054,08/09/2018,04,06,20,23,28,34,2,0,0,
3053,06/09/2018,01,04,07,08,12,16,1,0,0,
3052,04/09/2018,07,09,12,16,27,33,4,0,0,
3051,01/09/2018,09,18,24,28,30,36,7,0,0,
3050,28/08/2018,01,04,27,34,36,37,7,0,0,
3049,25/08/2018,10,13,18,26,31,33,4,0,0,
3048,21/08/2018,01,05,11,12,22,27,2,0,0,
3047,18/08/2018,01,03,18,20,23,37,4,1,0,
3046,14/08/2018,07,13,16,18,19,28,5,0,0,
3045,11/08/2018,04,05,08,25,26,33,7,0,0,
3044,07/08/2018,02,06,17,22,30,33,5,0,0,
3043,04/08/2018,09,16,22,23,25,28,3,0,0,
3042,02/08/2018,02,09,11,16,23,35,1,0,0,
3041,31/07/2018,02,14,25,26,32,33,4,0,0,
3040,28/07/2018,06,09,26,29,36,37,1,1,0,
3039,24/07/2018,02,09,15,26,29,35,5,0,1,
3038,22/07/2018,03,11,13,25,28,35,1,1,0,
3037,17/07/2018,13,19,21,27,29,32,3,0,0,
3036,14/07/2018,11,22,27,32,34,36,3,0,0,
3035,10/07/2018,02,07,08,09,10,15,2,1,2,
3034,07/07/2018,08,11,22,29,30,32,1,0,0,
3033,05/07/2018,07,13,15,19,28,36,6,0,0,
3032,03/07/2018,05,07,11,12,28,34,5,0,0,
3031,30/06/2018,02,09,11,13,19,28,3,0,0,
3030,26/06/2018,01,03,29,30,32,37,3,0,0,
3029,23/06/2018,02,09,13,17,21,26,6,0,0,
3028,21/06/2018,19,26,30,31,33,35,3,0,0,
3027,19/06/2018,05,07,11,14,23,36,2,1,0,
3026,16/06/2018,08,10,18,23,29,30,7,0,0,
3025,12/06/2018,05,09,10,12,34,35,1,0,0,
3024,09/06/2018,08,10,14,17,25,34,5,0,0,
3023,07/06/2018,01,03,11,15,26,32,7,0,0,
3022,05/06/2018,01,08,19,22,34,35,6,0,0,
3021,02/06/2018,09,20,22,23,27,32,7,0,0,
3020,29/05/2018,12,13,16,20,21,32,2,0,0,
3019,26/05/2018,18,21,23,25,27,34,7,0,0,
3018,22/05/2018,01,13,26,31,34,37,4,0,0,
3017,20/05/2018,07,10,21,27,33,36,5,1,0,
3016,15/05/2018,02,04,10,14,23,28,6,0,0,
3015,12/05/2018,06,10,18,23,33,36,6,0,0,
3014,10/05/2018,04,08,11,29,34,35,7,0,0,
3013,08/05/2018,02,14,18,23,30,32,4,0,0,
3012,05/05/2018,10,12,22,23,30,37,5,3,0,
3011,01/05/2018,04,06,09,12,32,36,1,0,0,
3010,28/04/2018,04,06,07,10,11,18,2,0,0,
3009,26/04/2018,05,11,16,18,23,26,1,0,0,
3008,24/04/2018,13,15,26,27,29,37,7,1,0,
3007,21/04/2018,06,07,12,22,23,28,6,2,0,
3006,16/04/2018,02,10,11,22,28,33,6,0,0,
3005,14/04/2018,05,11,12,18,28,35,3,0,0,
3004,10/04/2018,01,07,11,22,24,34,2,0,0,
3003,08/04/2018,01,23,26,31,33,37,5,0,0,
3002,03/04/2018,03,10,11,20,24,30,2,0,0,
3001,31/03/2018,01,02,03,13,22,30,7,0,0,
3000,27/03/2018,02,09,17,23,27,31,1,0,0,
2999,24/03/2018,02,05,08,20,22,28,3,2,0,
2998,20/03/2018,05,06,11,13,21,30,5,0,0,
2997,17/03/2018,07,08,10,19,27,37,6,0,0,
2996,13/03/2018,22,24,28,29,30,33,4,0,0,
2995,10/03/2018,03,25,26,30,31,34,3,0,0,
2994,08/03/2018,09,11,15,22,28,32,2,0,0,
2993,06/03/2018,04,11,13,24,25,34,5,0,0,
2992,03/03/2018,01,02,03,10,16,37,5,0,0,
2991,27/02/2018,05,10,12,19,20,25,4,0,0,
2990,24/02/2018,02,06,09,13,35,37,3,0,0,
2989,20/02/2018,05,06,10,12,18,26,2,0,0,
2988,17/02/2018,01,03,05,17,18,26,5,0,0,
2987,13/02/2018,02,05,11,12,15,33,6,0,1,
2986,10/02/2018,04,05,11,16,18,20,6,0,0,
2985,06/02/2018,17,19,20,27,29,33,1,0,0,
2984,03/02/2018,05,13,15,23,28,35,2,0,0,
2983,01/02/2018,02,06,17,21,30,35,3,0,0,
2982,30/01/2018,05,21,22,25,32,36,6,0,0,
2981,27/01/2018,09,16,22,26,28,37,1,0,0,
2980,23/01/2018,07,13,16,17,29,34,1,0,0,
2979,20/01/2018,03,06,11,16,26,34,6,0,1,
2978,16/01/2018,03,12,15,20,23,26,4,0,0,
2977,13/01/2018,07,11,23,30,32,34,1,0,0,
2976,09/01/2018,06,11,13,29,32,34,2,0,0,
2975,06/01/2018,02,06,12,18,26,28,1,0,0,
2974,04/01/2018,01,03,12,23,28,31,4,0,0,
2973,02/01/2018,04,06,07,10,20,28,1,0,0,
2972,30/12/2017,03,06,17,18,34,36,2,0,0,
2971,28/12/2017,06,07,08,17,18,29,1,0,0,
2970,26/12/2017,03,18,19,29,36,37,6,0,0,
2969,23/12/2017,07,09,25,30,31,36,1,0,0,
2968,19/12/2017,03,09,11,12,28,35,4,1,0,
2967,16/12/2017,03,06,10,11,26,29,6,0,0,
2966,12/12/2017,02,10,15,17,25,33,6,0,0,
2965,09/12/2017,10,18,27,30,32,37,1,0,0,
2964,07/12/2017,06,07,18,21,26,33,3,0,0,
2963,05/12/2017,15,20,27,28,29,37,3,0,0,
2962,02/12/2017,04,08,13,17,28,33,6,0,0,
2961,28/11/2017,06,10,14,20,31,37,6,0,0,
2960,25/11/2017,06,16,21,25,32,33,7,0,0,
2959,21/11/2017,01,06,08,17,19,24,3,0,0,
2958,18/11/2017,16,22,27,29,33,36,7,0,0,
2957,14/11/2017,20,23,27,28,30,34,3,0,0,
2956,11/11/2017,01,08,10,12,29,34,1,0,0,
2955,07/11/2017,01,06,23,33,34,36,6,0,0,
2954,04/11/2017,06,08,24,28,30,35,5,0,1,
2953,02/11/2017,03,06,09,14,16,35,7,0,0,
2952,31/10/2017,01,06,07,12,34,35,6,0,0,
2951,28/10/2017,23,25,28,30,31,34,3,0,0,
2950,24/10/2017,02,03,12,22,25,27,7,1,2,
2949,21/10/2017,15,20,24,25,29,30,5,0,0,
2948,19/10/2017,08,15,21,23,29,37,2,0,0,
2947,17/10/2017,06,18,26,31,34,37,1,0,0,
2946,14/10/2017,12,18,20,23,25,37,5,0,0,
2945,10/10/2017,4,5,11,27,32,37,1,1,0,
2944,07/10/2017,2,4,12,28,30,32,7,0,0,
2943,03/10/2017,1,2,15,28,29,32,6,0,0,
2942,01/10/2017,3,10,18,20,24,33,2,1,0,
2941,26/09/2017,5,16,20,24,29,34,4,0,0,
2940,24/09/2017,6,8,11,23,25,32,1,0,0,
2939,19/09/2017,2,4,5,9,12,27,5,1,0,
2938,16/09/2017,9,20,21,24,25,37,7,0,0,
2937,12/09/2017,5,6,9,11,15,23,2,1,4,
2936,09/09/2017,7,12,15,18,23,28,1,0,0,
2935,07/09/2017,13,20,25,28,29,30,1,0,0,
2934,05/09/2017,3,6,13,15,28,31,1,0,0,
2933,02/09/2017,1,8,14,21,25,31,1,0,0,
2932,29/08/2017,1,3,22,26,29,36,5,0,0,
2931,26/08/2017,5,10,15,22,25,33,1,0,0,
2930,24/08/2017,12,13,25,27,31,33,3,0,0,
2929,22/08/2017,5,8,10,26,29,35,6,0,0,
2928,19/08/2017,6,17,28,30,32,33,6,0,0,
2927,15/08/2017,6,8,12,14,28,34,4,0,0,
2926,12/08/2017,20,22,29,31,32,33,3,0,0,
2925,08/08/2017,13,17,26,31,35,37,4,0,0,
2924,05/08/2017,4,7,11,12,15,37,4,0,1,
2923,03/08/2017,6,9,21,31,34,35,4,0,0,
2922,01/08/2017,4,10,17,23,28,37,5,0,0,
2921,29/07/2017,1,5,26,31,34,35,4,0,0,
2920,25/07/2017,12,14,19,27,31,34,4,0,0,
2919,22/07/2017,6,7,11,12,23,30,3,0,0,
2918,18/07/2017,7,10,14,17,27,29,4,2,0,
2917,15/07/2017,3,10,20,22,33,37,3,0,0,
2916,11/07/2017,3,5,8,11,22,33,5,1,1,
2915,08/07/2017,9,18,22,24,27,34,6,0,0,
2914,06/07/2017,11,21,22,24,26,30,3,0,0,
2913,04/07/2017,4,8,15,24,36,37,5,0,0,
2912,01/07/2017,19,20,21,24,34,35,5,2,0,
2911,27/06/2017,8,9,14,22,32,33,7,0,0,
2910,24/06/2017,2,3,8,11,26,29,6,0,0,
2909,20/06/2017,2,9,17,19,34,35,2,0,0,
2908,17/06/2017,4,7,10,20,22,26,7,0,0,
2907,15/06/2017,6,12,23,25,26,35,4,0,0,
2906,13/06/2017,4,19,22,28,31,33,7,0,0,
2905,10/06/2017,3,5,10,13,26,27,4,0,0,
2904,06/06/2017,8,18,21,22,26,33,1,0,0,
2903,03/06/2017,10,11,14,17,19,26,5,0,0,
2902,31/05/2017,1,9,14,15,19,25,6,0,0,
2901,27/05/2017,10,13,15,22,32,33,7,0,0,
2900,23/05/2017,2,8,17,20,27,31,7,0,1,
2899,20/05/2017,1,3,8,10,11,31,3,1,0,
2898,16/05/2017,8,13,27,28,30,36,2,0,0,
2897,13/05/2017,3,20,24,27,32,37,2,0,0,
2896,11/05/2017,5,6,18,19,21,36,6,0,0,
2895,09/05/2017,1,7,11,15,20,30,5,0,0,
2894,06/05/2017,2,7,11,23,25,29,4,0,0,
2893,03/05/2017,5,6,7,16,17,33,4,0,0,
2892,29/04/2017,19,21,24,25,30,36,5,1,0,
2891,25/04/2017,4,8,11,13,24,32,6,0,0,
2890,22/04/2017,9,20,27,28,30,34,1,0,0,
2889,18/04/2017,2,8,10,16,18,27,5,0,0,
2888,15/04/2017,3,6,12,25,28,36,7,0,0,
2887,12/04/2017,4,7,10,22,27,36,6,0,0,
2886,08/04/2017,7,11,18,21,25,29,7,0,0,
2885,06/04/2017,5,6,7,24,27,32,5,0,0,
2884,04/04/2017,4,5,16,24,33,34,2,0,0,
2883,01/04/2017,6,14,15,18,22,36,4,0,0,
2882,28/03/2017,13,15,21,23,30,36,6,1,0,
2881,25/03/2017,14,15,16,24,32,36,1,0,0,
2880,23/03/2017,3,8,10,11,26,36,2,0,0,
2879,21/03/2017,3,10,13,18,25,26,6,1,0,
2878,18/03/2017,3,11,22,24,33,36,7,0,0,
2877,14/03/2017,13,20,26,30,31,34,2,0,0,
2876,11/03/2017,11,13,18,20,25,29,7,1,0,
2875,07/03/2017,10,11,17,19,26,30,5,0,1,
2874,04/03/2017,3,8,9,12,27,33,3,0,0,
2873,28/02/2017,5,7,13,15,18,23,2,0,0,
2872,25/02/2017,1,6,18,24,28,35,2,0,0,
2871,21/02/2017,3,27,28,30,31,35,7,0,0,
2870,18/02/2017,6,8,14,19,20,37,5,2,0,
2869,14/02/2017,16,18,19,30,31,32,3,0,0,
2868,11/02/2017,12,15,17,18,22,26,1,0,0,
2867,07/02/2017,5,12,16,22,27,31,4,0,0,
2866,04/02/2017,4,22,24,25,26,29,6,0,0,
2865,31/01/2017,1,6,11,14,17,27,4,0,0,
2864,28/01/2017,5,8,11,16,22,29,6,0,0,
2863,24/01/2017,10,13,16,17,26,34,7,0,0,
2862,21/01/2017,8,9,12,13,29,34,5,0,0,
2861,17/01/2017,3,9,14,15,21,22,3,0,0,
2860,14/01/2017,5,7,10,15,26,37,7,1,0,
2859,10/01/2017,14,15,19,31,34,35,3,0,0,
2858,07/01/2017,5,6,9,17,24,31,7,0,0,
2857,03/01/2017,1,3,6,27,29,33,7,0,0,
2856,31/12/2016,11,13,27,30,32,34,6,0,0,
2855,27/12/2016,8,10,12,24,25,29,3,0,0,
2854,24/12/2016,5,8,21,28,31,35,2,0,0,
2853,20/12/2016,1,3,4,10,16,17,1,0,0,
2852,17/12/2016,1,2,10,12,26,29,6,0,0,
2851,13/12/2016,4,12,16,28,29,31,5,1,0,
2850,10/12/2016,8,9,15,21,26,29,3,0,1,
2849,06/12/2016,2,5,9,13,26,29,2,0,0,
2848,03/12/2016,6,16,20,25,26,27,6,0,0,
2847,29/11/2016,1,8,20,25,33,37,7,0,0,
2846,26/11/2016,1,12,13,29,32,36,1,0,0,
2845,22/11/2016,2,3,5,8,23,29,4,0,0,
2844,19/11/2016,13,16,19,22,25,31,2,1,0,
2843,15/11/2016,2,11,21,22,26,32,6,0,0,
2842,12/11/2016,2,14,16,18,32,37,3,0,0,
2841,08/11/2016,4,11,12,26,28,29,6,0,0,
2840,05/11/2016,3,9,13,16,22,34,6,0,0,
2839,01/11/2016,12,18,20,21,29,35,4,0,0,
2838,29/10/2016,4,16,21,23,24,27,3,1,0,
2837,25/10/2016,4,16,19,25,29,37,6,0,0,
2836,22/10/2016,1,6,12,14,36,37,3,0,0,
2835,18/10/2016,4,5,9,12,16,29,3,1,0,
2834,15/10/2016,9,20,22,23,24,29,6,0,0,
2833,10/10/2016,3,8,17,20,22,30,3,2,0,
2832,08/10/2016,1,9,10,21,24,32,1,0,0,
2831,05/10/2016,9,11,14,16,27,37,1,0,0,
2830,01/10/2016,14,20,23,25,26,35,3,0,0,
2829,27/09/2016,5,11,18,20,30,35,5,0,0,
2828,24/09/2016,9,15,17,25,27,32,3,0,0,
2827,20/09/2016,5,9,19,21,22,34,2,0,0,
2826,17/09/2016,11,14,22,26,27,33,7,0,0,
2825,13/09/2016,1,10,11,12,18,19,5,0,0,
2824,10/09/2016,5,7,10,13,24,33,7,0,0,
2823,06/09/2016,7,13,14,28,29,35,6,0,0,
2822,03/09/2016,1,4,16,26,28,37,5,0,0,
2821,30/08/2016,3,11,12,15,21,26,6,0,0,
2820,27/08/2016,12,13,15,20,21,32,1,0,0,
2819,23/08/2016,4,6,18,26,29,34,1,0,0,
2818,20/08/2016,3,4,5,27,30,36,3,0,0,
2817,16/08/2016,1,2,32,34,36,37,6,0,1,
2816,14/08/2016,1,3,15,27,31,35,7,0,0,
2815,09/08/2016,6,8,9,14,16,17,4,0,0,
2814,06/08/2016,1,25,34,35,36,37,2,0,0,
2813,02/08/2016,7,26,28,30,31,34,1,0,0,
2812,30/07/2016,2,12,20,28,30,33,5,0,0,
2811,26/07/2016,10,13,16,24,27,37,2,0,0,
2810,23/07/2016,1,9,15,20,23,28,4,1,0,
2809,19/07/2016,5,10,13,17,25,36,3,1,0,
2808,16/07/2016,4,6,15,24,31,37,4,0,0,
2807,12/07/2016,6,14,18,26,29,36,7,0,0,
2806,09/07/2016,1,2,5,16,24,34,7,0,0,
2805,05/07/2016,7,12,18,22,32,36,3,0,0,
2804,02/07/2016,3,7,10,21,33,35,2,1,0,
2803,28/06/2016,11,12,18,19,32,37,4,0,0,
2802,25/06/2016,2,12,21,23,28,31,6,0,0,
2801,21/06/2016,7,11,19,25,28,37,4,0,0,
2800,18/06/2016,12,14,16,29,32,37,5,0,0,
2799,14/06/2016,5,6,9,12,26,34,4,0,0,
2798,12/06/2016,1,20,23,24,26,32,7,0,0,
2797,07/06/2016,8,9,21,22,26,37,6,0,0,
2796,04/06/2016,5,8,17,31,32,37,7,0,0,
2795,31/05/2016,1,5,7,18,25,36,1,2,1,
2794,28/05/2016,4,6,14,22,28,29,4,0,0,
2793,24/05/2016,8,12,15,24,28,33,5,0,0,
2792,21/05/2016,3,5,6,13,26,29,1,0,0,
2791,17/05/2016,2,4,14,19,20,33,1,1,0,
2790,14/05/2016,13,17,20,26,35,37,2,0,0,
2789,10/05/2016,5,6,10,20,26,29,3,0,1,
2788,07/05/2016,1,9,20,25,27,31,4,0,0,
2787,03/05/2016,5,22,25,33,35,36,1,0,0,
2786,01/05/2016,2,6,8,14,29,34,3,0,0,
2785,26/04/2016,12,13,20,25,27,30,6,0,0,
2784,23/04/2016,2,5,6,14,22,32,3,0,0,
2783,19/04/2016,3,7,12,22,27,36,2,0,0,
2782,16/04/2016,7,13,19,32,35,37,6,0,0,
2781,12/04/2016,2,7,10,18,24,26,5,0,1,
2780,09/04/2016,5,8,11,20,29,36,4,0,0,
2779,05/04/2016,4,8,16,20,21,36,3,0,1,
2778,02/04/2016,3,15,26,28,32,33,4,1,0,
2777,29/03/2016,1,10,11,13,18,25,7,0,0,
2776,26/03/2016,6,10,14,15,26,36,3,1,0,
2775,22/03/2016,9,16,22,27,31,32,6,0,0,
2774,19/03/2016,6,9,17,26,27,36,6,0,0,
2773,15/03/2016,7,15,17,18,20,32,5,0,0,
2772,12/03/2016,1,5,14,21,27,30,7,0,0,
2771,08/03/2016,5,19,23,25,30,31,3,0,0,
2770,05/03/2016,1,2,7,8,9,26,2,0,1,
2769,01/03/2016,7,15,17,19,27,30,4,0,0,
2768,27/02/2016,3,18,19,22,24,26,7,1,0,
2767,23/02/2016,6,10,25,31,35,37,4,0,0,
2766,20/02/2016,2,5,21,29,34,37,3,0,0,
2765,16/02/2016,8,14,16,20,24,30,1,0,0,
2764,13/02/2016,2,13,14,19,21,30,1,0,0,
2763,09/02/2016,2,10,14,15,21,29,2,1,0,
2762,06/02/2016,1,4,11,19,30,32,4,0,0,
2761,02/02/2016,1,13,19,22,34,35,6,0,0,
2760,30/01/2016,8,9,11,12,13,22,4,0,0,
2759,26/01/2016,17,18,25,28,30,34,5,0,0,
2758,23/01/2016,5,16,18,23,24,26,6,0,0,
2757,19/01/2016,6,19,24,25,26,37,7,0,0,
2756,16/01/2016,1,8,13,27,32,37,2,0,0,
2755,12/01/2016,1,4,5,16,21,29,1,0,0,
2754,09/01/2016,3,12,14,24,32,34,6,0,1,
2753,05/01/2016,3,15,17,20,21,37,1,0,0,
2752,02/01/2016,1,13,15,30,31,32,2,0,0,
2751,29/12/2015,4,7,13,16,17,27,6,0,0,
2750,26/12/2015,14,21,27,31,32,35,5,1,0,
2749,22/12/2015,2,11,13,17,25,27,5,1,0,
2748,19/12/2015,1,11,13,25,27,29,7,0,0,
2747,15/12/2015,3,6,9,10,17,36,5,0,0,
2746,12/12/2015,4,9,10,12,13,29,4,0,0,
2745,08/12/2015,6,10,15,18,27,34,6,0,0,
2744,05/12/2015,4,17,18,23,25,28,2,0,0,
2743,01/12/2015,2,9,18,23,29,33,5,0,0,
2742,28/11/2015,7,19,27,29,34,35,7,0,0,
2741,24/11/2015,6,8,21,25,30,35,6,0,0,
2740,21/11/2015,7,9,14,21,26,34,5,0,0,
2739,17/11/2015,3,5,6,19,23,35,3,0,0,
2738,14/11/2015,10,17,18,22,24,29,1,0,0,
2737,10/11/2015,3,4,10,11,30,32,5,0,0,
2736,07/11/2015,18,19,29,34,35,36,1,0,0,
2735,03/11/2015,10,12,19,25,26,36,2,0,1,
2734,31/10/2015,14,20,22,26,31,37,5,0,0,
2733,27/10/2015,2,20,26,27,28,30,1,0,0,
2732,24/10/2015,9,13,15,20,25,36,6,0,0,
2731,20/10/2015,1,6,9,10,12,17,3,0,0,
2730,17/10/2015,2,3,13,21,22,31,6,0,0,
2729,13/10/2015,1,6,15,17,20,32,6,0,0,
2728,10/10/2015,5,6,16,17,20,22,7,0,0,
2727,06/10/2015,2,8,12,14,17,21,4,2,0,
2726,03/10/2015,9,17,23,28,30,36,7,0,0,
2725,29/09/2015,12,15,18,20,23,29,6,0,0,
2724,26/09/2015,5,6,8,11,20,27,7,0,0,
2723,21/09/2015,5,12,13,33,35,36,1,0,0,
2722,19/09/2015,1,8,11,23,30,35,6,0,0,
2721,16/09/2015,11,14,18,20,22,33,7,0,0,
2720,12/09/2015,6,9,15,23,24,28,4,0,0,
2719,08/09/2015,19,21,22,24,30,37,5,0,0,
2718,05/09/2015,5,6,10,15,28,29,7,0,1,
2717,01/09/2015,10,18,22,27,31,35,1,0,0,
2716,29/08/2015,5,7,8,15,19,26,3,1,0,
2715,25/08/2015,1,8,11,17,25,30,6,0,0,
2714,22/08/2015,16,17,18,20,28,35,3,0,0,
2713,18/08/2015,4,7,12,14,17,34,4,0,0,
2712,15/08/2015,3,7,14,24,27,28,2,1,0,
2711,11/08/2015,5,8,16,21,34,35,3,0,0,
2710,08/08/2015,2,6,17,29,31,35,3,1,1,
2709,04/08/2015,13,21,22,26,29,34,3,0,0,
2708,01/08/2015,5,7,9,17,19,29,3,0,0,
2707,28/07/2015,24,27,30,34,35,37,5,0,0,
2706,26/07/2015,7,9,16,23,29,30,3,0,0,
2705,21/07/2015,16,21,27,28,32,37,7,0,0,
2704,18/07/2015,2,3,11,18,25,27,5,0,0,
2703,14/07/2015,2,16,21,26,33,34,2,0,0,
2702,11/07/2015,5,15,22,23,25,29,6,0,0,
2701,07/07/2015,1,6,9,13,23,35,2,0,0,
2700,04/07/2015,2,14,22,23,25,28,5,0,0,
2699,30/06/2015,11,13,20,29,30,37,7,0,0,
2698,27/06/2015,2,6,13,16,27,33,3,0,0,
2697,23/06/2015,8,11,18,21,24,30,4,0,0,
2696,20/06/2015,3,5,7,13,17,28,4,1,0,
2695,16/06/2015,17,18,20,21,26,32,3,0,0,
2694,13/06/2015,3,4,14,18,32,35,2,0,0,
2693,09/06/2015,3,8,10,12,28,37,5,0,0,
2692,06/06/2015,4,6,8,18,27,37,4,0,0,
2691,02/06/2015,4,17,18,24,27,36,2,0,0,
2690,30/05/2015,6,8,11,23,32,35,4,0,0,
2689,26/05/2015,2,5,10,12,18,26,4,1,0,
2688,24/05/2015,4,11,18,22,29,31,4,0,0,
2687,19/05/2015,15,18,22,23,26,34,6,0,0,
2686,16/05/2015,6,8,18,22,29,37,1,1,0,
2685,12/05/2015,1,13,23,24,30,31,7,0,0,
2684,09/05/2015,5,16,22,23,24,33,1,0,0,
2683,05/05/2015,6,10,12,15,27,33,1,0,0,
2682,02/05/2015,1,3,8,12,19,30,1,1,0,
2681,28/04/2015,6,9,18,23,26,33,2,0,0,
2680,25/04/2015,1,15,17,31,32,34,2,0,0,
2679,21/04/2015,1,11,13,15,18,25,6,0,0,
2678,18/04/2015,11,12,18,24,31,33,6,1,0,
2677,14/04/2015,1,2,4,9,12,16,4,0,0,
2676,12/04/2015,2,9,11,13,29,33,3,0,0,
2675,07/04/2015,11,12,15,22,23,29,7,0,1,
2674,04/04/2015,7,32,33,34,35,36,2,0,0,
2673,31/03/2015,5,13,16,18,23,26,1,0,0,
2672,28/03/2015,5,13,21,22,25,28,1,0,0,
2671,24/03/2015,2,3,5,10,26,27,2,0,0,
2670,21/03/2015,11,15,17,27,33,37,5,0,0,
2669,17/03/2015,11,15,22,29,35,37,4,0,0,
2668,14/03/2015,14,15,18,22,23,29,1,0,0,
2667,10/03/2015,6,10,15,19,36,37,3,0,0,
2666,07/03/2015,3,14,15,19,26,33,6,0,1,
2665,03/03/2015,2,10,11,13,22,37,4,0,0,
2664,28/02/2015,11,13,22,29,31,33,1,0,0,
2663,24/02/2015,10,16,22,30,35,36,2,0,0,
2662,21/02/2015,4,14,16,22,28,33,4,0,0,
2661,17/02/2015,3,13,14,18,28,30,2,0,0,
2660,14/02/2015,8,11,13,20,22,25,5,0,0,
2659,10/02/2015,1,6,10,22,24,26,3,0,0,
2658,07/02/2015,8,12,17,21,27,30,1,0,0,
2657,03/02/2015,8,12,21,24,25,27,1,0,0,
2656,31/01/2015,1,10,16,28,29,32,5,0,0,
2655,27/01/2015,4,6,13,19,33,35,6,0,0,
2654,24/01/2015,4,11,19,28,31,34,4,0,0,
2653,20/01/2015,11,24,30,34,35,37,7,0,0,
2652,17/01/2015,1,7,11,17,36,37,2,1,1,
2651,13/01/2015,4,8,17,20,25,30,1,0,0,
2650,10/01/2015,3,8,10,15,30,33,4,0,0,
2649,06/01/2015,4,13,22,25,28,30,5,0,0,
2648,03/01/2015,9,20,22,23,29,31,2,0,0,
2647,30/12/2014,1,2,5,12,34,35,4,0,0,
2646,27/12/2014,4,5,18,20,28,36,4,0,0,
2645,23/12/2014,7,9,20,24,28,35,5,0,0,
2644,20/12/2014,6,12,25,27,30,37,5,0,0,
2643,16/12/2014,9,12,25,29,34,36,5,0,0,
2642,13/12/2014,2,9,27,29,32,36,1,0,0,
2641,09/12/2014,5,7,10,15,22,35,5,1,1,
2640,06/12/2014,3,20,28,31,33,37,5,0,0,
2639,02/12/2014,1,2,9,11,15,21,2,0,0,
2638,29/11/2014,2,10,14,17,28,34,2,1,1,
2637,25/11/2014,2,9,13,16,28,29,1,0,0,
2636,22/11/2014,4,6,10,11,14,25,7,0,0,
2635,18/11/2014,1,3,29,30,33,35,2,0,0,
2634,15/11/2014,4,8,9,23,25,31,4,0,1,
2633,11/11/2014,3,11,18,25,33,36,7,1,1,
2632,08/11/2014,7,16,18,21,23,36,6,0,0,
2631,04/11/2014,2,19,28,29,34,36,6,0,0,
2630,01/11/2014,1,2,5,15,27,31,4,0,0,
2629,28/10/2014,12,15,20,30,33,37,3,0,0,
2628,25/10/2014,2,5,6,10,19,29,5,2,0,
2627,21/10/2014,5,7,9,11,24,29,1,0,0,
2626,18/10/2014,9,10,11,12,21,32,5,0,0,
2625,14/10/2014,5,10,17,23,32,36,6,0,0,
2624,11/10/2014,2,6,11,16,27,34,3,0,0,
2623,07/10/2014,8,10,15,23,26,34,1,0,0,
2622,05/10/2014,1,9,10,21,26,37,3,0,0,
2621,30/09/2014,8,13,17,18,34,36,1,0,0,
2620,28/09/2014,13,17,19,26,30,36,5,0,0,
2619,23/09/2014,7,9,10,34,35,36,7,0,0,
2618,20/09/2014,7,19,20,25,31,34,3,0,0,
2617,16/09/2014,3,8,11,19,26,35,2,0,0,
2616,13/09/2014,1,4,12,18,31,37,3,1,0,
2615,09/09/2014,2,12,14,27,29,32,5,0,0,
2614,06/09/2014,3,15,24,25,26,35,2,0,0,
2613,02/09/2014,6,10,18,27,35,36,6,0,0,
2612,30/08/2014,2,9,28,31,32,35,6,0,0,
2611,26/08/2014,2,7,10,23,26,35,6,1,0,
2610,23/08/2014,5,15,20,25,27,32,4,0,0,
2609,19/08/2014,4,16,30,32,34,36,4,0,0,
2608,16/08/2014,2,5,7,16,22,37,4,0,0,
2607,12/08/2014,3,15,21,28,30,32,4,0,0,
2606,09/08/2014,4,11,13,20,32,35,2,0,0,
2605,05/08/2014,5,9,21,23,28,33,7,0,0,
2604,02/08/2014,6,13,14,21,23,26,6,0,1,
2603,29/07/2014,3,5,8,16,17,20,2,0,1,
2602,26/07/2014,2,3,28,30,33,35,5,0,0,
2601,22/07/2014,2,10,12,23,30,33,5,0,0,
2600,19/07/2014,4,11,27,32,34,37,4,0,0,
2599,15/07/2014,7,14,20,27,29,31,5,1,0,
2598,12/07/2014,4,11,12,13,20,27,2,0,1,
2597,08/07/2014,2,5,18,19,20,31,1,0,0,
2596,05/07/2014,1,10,17,21,22,31,4,0,0,
2595,01/07/2014,5,13,17,26,29,33,5,0,1,
2594,28/06/2014,1,2,6,19,29,33,7,0,0,
2593,24/06/2014,7,8,15,30,33,34,6,0,0,
2592,21/06/2014,8,11,22,33,34,35,6,0,0,
2591,17/06/2014,7,8,15,18,29,34,4,0,0,
2590,14/06/2014,13,15,24,25,30,32,5,0,0,
2589,10/06/2014,6,8,9,25,29,37,3,0,0,
2588,07/06/2014,4,9,10,14,19,35,2,0,0,
2587,04/06/2014,11,17,19,31,36,37,1,0,0,
2586,31/05/2014,5,11,12,13,15,22,7,0,0,
2585,27/05/2014,3,4,6,18,26,29,3,0,1,
2584,24/05/2014,5,10,19,25,32,35,7,0,0,
2583,20/05/2014,2,6,12,26,30,35,3,0,0,
2582,17/05/2014,1,3,11,16,20,35,2,0,0,
2581,13/05/2014,3,11,17,20,31,32,6,1,0,
2580,10/05/2014,1,2,3,4,7,25,2,0,2,
2579,07/05/2014,6,8,9,17,29,30,4,0,0,
2578,03/05/2014,20,22,28,31,35,36,3,0,1,
2577,29/04/2014,3,5,9,14,22,23,7,0,0,
2576,26/04/2014,2,4,13,16,29,34,1,0,0,
2575,22/04/2014,1,3,5,16,26,30,5,1,0,
2574,19/04/2014,2,3,20,31,35,37,7,0,0,
2573,16/04/2014,4,9,23,28,34,36,5,0,0,
2572,12/04/2014,11,16,19,24,27,35,3,0,0,
2571,08/04/2014,10,21,28,30,31,35,6,0,0,
2570,05/04/2014,2,12,18,28,33,34,1,0,0,
2569,01/04/2014,15,17,23,25,30,35,2,0,0,
2568,29/03/2014,4,13,24,25,32,34,2,0,0,
2567,25/03/2014,3,6,16,28,32,33,2,0,0,
2566,22/03/2014,3,4,23,26,31,35,3,1,0,
2565,18/03/2014,4,9,12,14,17,29,2,0,0,
2564,15/03/2014,7,17,24,29,36,37,7,0,0,
2563,11/03/2014,1,3,6,9,34,37,3,1,0,
2562,08/03/2014,17,21,23,24,26,35,2,0,0,
2561,04/03/2014,3,6,17,23,27,32,6,0,0,
2560,01/03/2014,4,8,9,22,29,33,6,0,0,
2559,25/02/2014,5,6,11,21,22,28,2,0,0,
2558,22/02/2014,3,8,23,26,28,29,6,0,0,
2557,18/02/2014,3,7,14,21,27,37,6,1,0,
2556,15/02/2014,1,6,10,16,21,22,4,2,0,
2555,11/02/2014,2,5,18,20,23,29,3,0,0,
2554,08/02/2014,16,22,26,29,36,37,3,0,0,
2553,04/02/2014,1,2,4,28,29,31,5,0,0,
2552,01/02/2014,1,5,12,22,24,27,6,0,0,
2551,28/01/2014,20,24,26,28,32,33,6,0,0,
2550,25/01/2014,13,15,26,28,29,36,2,0,0,
2549,21/01/2014,18,22,30,34,35,37,7,0,0,
2548,18/01/2014,1,11,15,16,23,32,5,0,0,
2547,14/01/2014,2,8,10,13,35,37,5,0,0,
2546,11/01/2014,1,3,4,22,28,36,2,0,0,
2545,07/01/2014,12,13,18,31,32,36,7,0,0,
2544,04/01/2014,7,9,13,18,21,22,4,1,0,
2543,31/12/2013,7,9,10,22,24,33,4,0,0,
2542,28/12/2013,4,14,16,21,33,36,3,0,0,
2541,24/12/2013,9,18,25,30,33,37,5,0,0,
2540,21/12/2013,5,20,21,26,30,35,1,0,0,
2539,17/12/2013,13,15,17,24,26,27,3,0,0,
2538,14/12/2013,5,11,25,26,29,36,3,0,0,
2537,10/12/2013,1,8,12,19,26,27,3,0,0,
2536,07/12/2013,1,3,11,13,21,28,7,0,0,
2535,03/12/2013,2,10,16,26,27,30,4,0,0,
2534,30/11/2013,11,21,29,33,35,37,4,0,0,
2533,26/11/2013,11,14,19,21,26,33,7,0,0,
2532,23/11/2013,1,9,17,29,30,37,5,0,0,
2531,19/11/2013,4,6,10,17,28,32,4,0,0,
2530,16/11/2013,7,19,22,28,30,33,4,0,1,
2529,12/11/2013,14,22,24,33,35,36,7,0,0,
2528,09/11/2013,3,4,24,27,31,36,2,0,0,
2527,05/11/2013,1,10,12,19,35,36,6,1,1,
2526,02/11/2013,2,8,12,19,26,27,6,0,0,
2525,29/10/2013,1,7,10,21,28,30,1,0,0,
2524,26/10/2013,1,2,7,12,29,33,3,0,0,
2523,22/10/2013,11,17,21,23,26,27,3,0,0,
2522,19/10/2013,6,13,15,22,23,37,6,0,0,
2521,15/10/2013,5,8,10,20,34,37,2,0,0,
2520,12/10/2013,3,8,16,19,25,27,1,0,0,
2519,08/10/2013,3,7,13,17,18,28,7,0,0,
2518,05/10/2013,2,4,12,27,34,37,2,0,0,
2517,01/10/2013,10,11,19,21,23,29,4,0,0,
2516,28/09/2013,3,9,14,20,34,35,2,0,1,
2515,24/09/2013,11,21,22,23,28,37,5,0,0,
2514,21/09/2013,3,8,17,19,24,33,6,0,0,
2513,17/09/2013,17,20,26,28,30,33,4,0,0,
2512,15/09/2013,1,3,4,6,12,13,4,0,0,
2511,10/09/2013,3,13,24,27,33,35,3,0,0,
2510,08/09/2013,2,6,16,28,35,37,7,0,0,
2509,03/09/2013,8,14,27,29,33,37,6,1,0,
2508,31/08/2013,7,12,16,22,24,25,3,0,0,
2507,27/08/2013,4,16,17,19,30,34,5,0,0,
2506,24/08/2013,6,10,11,15,19,24,5,0,0,
2505,20/08/2013,8,13,16,17,29,37,6,0,0,
2504,17/08/2013,5,9,17,19,33,35,7,0,0,
2503,13/08/2013,1,5,14,19,26,28,4,0,0,
2502,10/08/2013,1,3,18,19,35,37,6,0,0,
2501,06/08/2013,2,3,4,27,30,32,6,0,0,
2500,03/08/2013,5,8,9,17,24,32,5,0,0,
2499,30/07/2013,13,14,26,29,31,35,1,0,0,
2498,27/07/2013,8,9,11,16,31,34,4,0,1,
2497,23/07/2013,8,13,23,26,27,29,3,0,0,
2496,20/07/2013,3,7,8,24,34,36,2,0,0,
2495,16/07/2013,4,11,12,15,30,33,1,0,0,
2494,13/07/2013,12,18,19,28,29,34,7,0,0,
2493,09/07/2013,7,16,19,21,31,36,3,0,0,
2492,06/07/2013,4,19,27,30,31,35,5,0,0,
2491,02/07/2013,4,10,15,24,28,29,5,1,0,
2490,29/06/2013,8,10,17,18,35,37,1,0,0,
2489,25/06/2013,4,21,22,23,27,35,5,1,0,
2488,22/06/2013,3,6,7,10,16,30,4,0,0,
2487,18/06/2013,3,9,10,22,28,33,7,0,0,
2486,15/06/2013,11,15,21,29,31,36,3,0,0,
2485,11/06/2013,3,21,25,26,36,37,1,0,0,
2484,08/06/2013,4,6,17,19,21,36,3,0,0,
2483,04/06/2013,13,17,21,27,29,31,4,0,0,
2482,01/06/2013,12,19,21,23,26,35,5,2,0,
2481,28/05/2013,2,11,16,18,26,36,4,1,0,
2480,25/05/2013,3,9,21,26,29,37,1,0,0,
2479,21/05/2013,8,10,14,17,20,34,1,1,0,
2478,18/05/2013,2,4,24,25,32,34,1,0,0,
2477,15/05/2013,3,7,15,19,24,33,4,0,0,
2476,11/05/2013,7,20,26,33,34,35,3,0,0,
2475,07/05/2013,10,19,20,24,28,33,3,0,0,
2474,04/05/2013,1,4,6,9,25,35,1,0,0,
2473,30/04/2013,1,2,3,10,16,29,6,0,0,
2472,27/04/2013,12,13,28,33,35,37,5,0,0,
2471,23/04/2013,2,7,12,19,27,37,6,0,0,
2470,20/04/2013,18,20,25,27,32,36,1,0,0,
2469,17/04/2013,1,26,28,32,33,35,5,0,0,
2468,13/04/2013,1,11,15,24,27,34,5,0,0,
2467,09/04/2013,11,20,21,22,25,36,7,0,0,
2466,06/04/2013,8,12,13,27,28,34,7,0,0,
2465,02/04/2013,1,8,12,19,30,35,4,0,0,
2464,30/03/2013,8,10,12,15,19,30,5,0,0,
2463,27/03/2013,3,4,7,21,33,37,2,0,0,
2462,23/03/2013,6,12,13,24,27,29,4,0,0,
2461,19/03/2013,1,8,9,18,19,20,4,0,0,
2460,16/03/2013,17,25,29,30,33,37,2,0,0,
2459,12/03/2013,2,14,27,28,32,34,7,0,0,
2458,09/03/2013,7,9,13,14,30,33,1,0,0,
2457,05/03/2013,5,13,19,22,28,33,2,0,1,
2456,02/03/2013,3,4,26,30,34,37,4,0,0,
2455,26/02/2013,3,9,13,17,25,37,1,1,0,
2454,23/02/2013,13,16,24,31,35,36,5,0,0,
2453,19/02/2013,4,23,25,30,32,35,3,0,0,
2452,16/02/2013,6,8,14,20,25,29,6,0,0,
2451,12/02/2013,1,15,17,21,34,37,3,0,0,
2450,09/02/2013,4,20,21,26,35,37,1,0,0,
2449,05/02/2013,3,5,10,17,30,32,1,0,0,
2448,02/02/2013,1,9,11,20,25,27,3,0,0,
2447,29/01/2013,9,16,18,30,32,33,7,0,0,
2446,26/01/2013,6,9,13,17,29,34,6,1,1,
2445,22/01/2013,1,6,14,20,29,36,2,0,0,
2444,19/01/2013,10,12,26,27,31,36,3,0,0,
2443,15/01/2013,5,13,14,16,18,21,2,0,0,
2442,12/01/2013,1,3,11,25,33,34,3,0,0,
2441,08/01/2013,9,16,17,20,32,33,4,0,0,
2440,05/01/2013,7,10,12,19,25,36,7,0,0,
2439,01/01/2013,5,11,12,13,15,20,4,0,0,
2438,29/12/2012,11,13,18,26,27,36,2,0,0,
2437,25/12/2012,1,4,5,7,18,23,1,1,0,
2436,22/12/2012,7,16,28,31,33,35,4,0,0,
2435,20/12/2012,6,9,24,25,33,34,2,0,0,
2434,18/12/2012,8,14,18,22,25,31,1,1,0,
2433,15/12/2012,7,10,17,23,24,31,3,0,0,
2432,11/12/2012,2,9,15,22,31,33,6,0,0,
2431,08/12/2012,3,10,11,13,26,37,1,1,0,
2430,06/12/2012,5,6,9,26,32,35,4,0,0,
2429,04/12/2012,2,3,6,19,25,27,7,0,0,
2428,01/12/2012,2,8,12,31,34,35,5,0,0,
2427,27/11/2012,12,14,19,20,23,25,4,0,0,
2426,24/11/2012,8,11,25,30,31,33,7,0,0,
2425,20/11/2012,4,5,21,30,36,37,5,0,0,
2424,17/11/2012,2,12,13,16,23,25,1,0,0,
2423,13/11/2012,6,8,14,25,26,31,1,1,0,
2422,10/11/2012,12,15,24,26,31,33,1,0,0,
2421,06/11/2012,11,19,21,22,26,30,4,1,0,
2420,03/11/2012,1,8,10,12,16,26,6,0,0,
2419,01/11/2012,2,7,10,11,29,32,5,0,0,
2418,30/10/2012,5,7,14,15,16,35,7,0,0,
2417,27/10/2012,3,9,15,24,30,35,7,0,0,
2416,23/10/2012,1,3,7,18,28,34,7,0,0,
2415,20/10/2012,6,17,22,24,26,31,6,0,0,
2414,18/10/2012,2,3,6,20,21,30,2,0,0,
2413,16/10/2012,7,10,11,19,23,25,6,0,0,
2412,13/10/2012,3,9,14,19,27,31,6,1,0,
2411,09/10/2012,2,4,7,24,32,36,1,1,0,
2410,06/10/2012,2,8,16,23,29,36,3,0,0,
2409,02/10/2012,1,8,20,21,33,37,2,0,0,
2408,29/09/2012,4,8,27,30,34,36,6,0,0,
2407,27/09/2012,2,12,20,22,24,32,5,0,1,
2406,22/09/2012,12,13,16,18,35,37,5,0,0,
2405,20/09/2012,11,19,22,23,25,36,5,0,0,
2404,15/09/2012,2,6,12,16,21,26,5,0,0,
2403,11/09/2012,3,5,10,11,12,21,3,0,0,
2402,08/09/2012,8,23,26,31,34,35,5,0,0,
2401,06/09/2012,9,13,21,22,24,31,1,0,0,
2400,04/09/2012,3,7,15,29,31,34,7,0,1,
2399,01/09/2012,2,3,18,20,26,35,2,0,0,
2398,28/08/2012,2,6,19,29,36,37,7,0,0,
2397,25/08/2012,7,11,26,27,28,34,6,0,0,
2396,21/08/2012,6,7,17,18,25,35,4,0,0,
2395,18/08/2012,4,12,16,21,26,30,6,0,0,
2394,14/08/2012,5,8,25,29,30,31,4,0,0,
2393,11/08/2012,9,16,21,24,26,33,7,0,0,
2392,07/08/2012,1,15,21,23,26,36,3,0,2,
2391,04/08/2012,4,12,19,23,27,31,1,0,0,
2390,02/08/2012,3,8,30,34,35,36,7,0,0,
2389,31/07/2012,1,5,11,18,26,30,3,1,0,
2388,27/07/2012,3,15,26,27,36,37,5,0,0,
2387,24/07/2012,1,11,21,25,26,31,4,0,0,
2386,21/07/2012,4,8,21,22,24,29,1,0,0,
2385,17/07/2012,9,15,25,26,28,32,3,0,0,
2384,14/07/2012,2,11,12,18,24,26,5,0,0,
2383,10/07/2012,7,20,23,24,25,36,7,0,0,
2382,07/07/2012,4,8,14,21,27,37,3,0,0,
2381,05/07/2012,5,8,11,21,35,37,6,0,0,
2380,03/07/2012,9,15,25,30,32,33,7,0,0,
2379,30/06/2012,3,8,9,10,16,36,6,0,0,
2378,26/06/2012,1,2,14,15,28,31,2,1,0,
2377,23/06/2012,10,12,18,21,25,35,2,0,0,
2376,21/06/2012,6,7,11,30,33,35,3,0,0,
2375,19/06/2012,2,5,14,21,36,37,3,0,0,
2374,16/06/2012,1,2,3,16,28,30,3,0,0,
2373,12/06/2012,5,7,11,24,26,30,1,0,0,
2372,09/06/2012,1,6,25,29,33,34,2,0,0,
2371,07/06/2012,5,10,12,20,22,31,1,0,0,
2370,05/06/2012,7,21,26,31,32,35,6,0,0,
2369,02/06/2012,2,8,12,17,21,24,3,1,0,
2368,29/05/2012,3,8,10,23,24,34,3,0,0,
2367,27/05/2012,14,19,30,34,35,36,4,0,1,
2366,22/05/2012,9,11,21,25,26,32,6,1,0,
2365,19/05/2012,5,6,7,16,23,36,1,0,0,
2364,15/05/2012,4,5,18,23,32,36,4,0,0,
2363,12/05/2012,1,2,3,14,23,29,7,0,0,
2362,08/05/2012,2,21,22,23,28,30,4,0,0,
2361,05/05/2012,18,22,25,26,27,33,3,0,0,
2360,03/05/2012,4,15,17,20,21,25,4,0,0,
2359,01/05/2012,8,9,19,27,28,33,2,0,0,
2358,28/04/2012,5,17,19,22,25,32,1,0,0,
2357,23/04/2012,1,2,9,12,26,29,2,0,0,
2356,21/04/2012,1,8,21,23,28,32,5,0,0,
2355,17/04/2012,3,5,7,27,35,36,2,0,0,
2354,15/04/2012,3,11,12,15,22,33,7,1,0,
2353,10/04/2012,1,8,14,21,23,31,2,0,0,
2352,08/04/2012,7,16,17,18,20,36,1,0,0,
2351,03/04/2012,8,13,15,21,23,26,3,1,0,
2350,31/03/2012,6,8,9,11,17,31,1,0,0,
2349,29/03/2012,8,12,13,16,30,37,2,0,0,
2348,27/03/2012,3,5,12,23,24,32,7,0,0,
2347,24/03/2012,1,3,5,11,19,24,5,0,0,
2346,20/03/2012,2,14,15,23,27,31,3,0,1,
2345,17/03/2012,1,4,14,23,29,30,7,0,0,
2344,13/03/2012,2,3,10,11,28,34,6,0,0,
2343,10/03/2012,12,19,23,30,35,37,5,0,0,
2342,06/03/2012,6,13,14,22,28,29,6,0,0,
2341,03/03/2012,2,7,8,14,31,34,5,0,0,
2340,01/03/2012,11,13,24,26,29,34,6,1,0,
2339,28/02/2012,2,10,14,32,34,36,7,0,0,
2338,25/02/2012,1,5,11,13,21,35,2,0,0,
2337,21/02/2012,18,21,22,23,25,36,2,0,0,
2336,18/02/2012,3,5,7,8,32,37,5,0,0,
2335,14/02/2012,7,10,22,23,27,36,3,0,0,
2334,11/02/2012,2,4,25,30,33,37,6,0,0,
2333,07/02/2012,1,2,17,19,29,32,4,1,0,
2332,04/02/2012,15,16,17,25,27,30,4,0,0,
2331,02/02/2012,14,17,29,31,32,35,5,0,0,
2330,31/01/2012,8,15,20,26,27,34,6,0,0,
2329,28/01/2012,8,12,18,20,29,32,3,0,0,
2328,24/01/2012,3,10,15,24,28,37,4,0,0,
2327,21/01/2012,14,16,27,28,32,36,5,0,0,
2326,17/01/2012,2,19,22,25,26,28,3,0,0,
2325,14/01/2012,5,10,14,25,27,33,2,0,0,
2324,10/01/2012,7,10,16,21,25,28,5,0,0,
2323,07/01/2012,1,2,20,21,25,28,1,0,0,
2322,05/01/2012,3,23,25,28,29,33,4,0,1,
2321,03/01/2012,7,25,27,31,32,34,7,0,0,
2320,31/12/2011,2,3,8,15,19,34,6,0,0,
2319,27/12/2011,5,6,7,12,33,36,7,0,0,
2318,24/12/2011,1,3,13,14,17,36,5,0,0,
2317,20/12/2011,4,16,21,26,28,30,2,1,0,
2316,17/12/2011,6,7,22,30,31,36,6,0,0,
2315,13/12/2011,2,4,5,11,15,24,7,0,0,
2314,11/12/2011,3,10,23,27,32,37,6,1,0,
2313,06/12/2011,6,13,15,17,19,35,3,0,0,
2312,03/12/2011,7,8,20,26,30,34,2,0,0,
2311,29/11/2011,12,21,25,27,29,31,2,0,0,
2310,26/11/2011,2,7,10,20,23,32,7,0,1,
2309,22/11/2011,15,16,20,24,28,35,6,0,0,
2308,19/11/2011,15,19,22,29,33,37,7,1,0,
2307,15/11/2011,2,4,5,7,24,33,1,1,0,
2306,12/11/2011,3,12,16,21,26,36,1,0,0,
2305,08/11/2011,1,2,14,15,18,32,1,0,0,
2304,05/11/2011,6,15,20,25,28,30,5,0,0,
2303,01/11/2011,2,15,17,18,20,34,2,0,0,
2302,29/10/2011,2,7,9,14,23,24,6,0,0,
2301,25/10/2011,10,13,20,35,36,37,1,0,1,
2300,23/10/2011,9,18,20,31,32,37,3,0,0,
2299,18/10/2011,2,4,17,20,26,34,4,0,0,
2298,15/10/2011,7,12,15,27,33,37,3,0,0,
2297,11/10/2011,1,3,4,7,20,34,3,0,0,
2296,09/10/2011,3,9,12,17,24,30,2,0,2,
2295,04/10/2011,5,8,10,16,19,31,7,0,0,
2294,02/10/2011,12,16,24,29,33,35,2,0,0,
2293,27/09/2011,3,5,10,11,34,36,6,0,0,
2292,24/09/2011,4,15,16,17,35,37,3,0,0,
2291,20/09/2011,9,13,16,17,34,35,5,0,0,
2290,17/09/2011,15,18,21,29,31,34,6,1,0,
2289,13/09/2011,15,19,29,31,34,35,7,0,0,
2288,10/09/2011,10,11,14,19,20,29,2,0,0,
2287,06/09/2011,6,7,12,18,25,26,1,0,0,
2286,03/09/2011,9,16,18,20,21,25,6,0,0,
2285,30/08/2011,1,2,3,5,22,28,5,0,0,
2284,27/08/2011,8,12,15,23,34,35,3,0,1,
2283,23/08/2011,16,17,21,28,33,37,4,0,0,
2282,20/08/2011,17,18,24,30,36,37,2,0,0,
2281,16/08/2011,4,6,8,32,35,37,1,0,0,
2280,13/08/2011,4,7,12,18,20,36,1,0,0,
2279,09/08/2011,9,15,17,18,25,26,3,0,0,
2278,06/08/2011,1,2,10,15,25,32,6,0,0,
2277,02/08/2011,7,10,14,18,20,36,2,0,0,
2276,30/07/2011,1,5,13,24,30,37,6,1,0,
2275,26/07/2011,1,4,11,26,28,34,7,0,0,
2274,23/07/2011,15,17,23,24,27,31,2,0,0,
2273,19/07/2011,1,16,20,24,29,36,5,1,0,
2272,16/07/2011,7,11,17,21,23,37,2,0,0,
2271,12/07/2011,1,2,9,21,22,36,3,0,0,
2270,09/07/2011,3,11,15,17,22,23,1,0,0,
2269,05/07/2011,1,6,19,23,33,37,3,1,0,
2268,02/07/2011,4,11,17,24,25,30,3,0,0,
2267,28/06/2011,21,24,30,32,36,37,4,1,0,
2266,25/06/2011,6,10,16,20,23,30,1,0,1,
2265,21/06/2011,5,16,19,25,28,34,2,0,0,
2264,18/06/2011,4,16,19,29,30,32,6,0,0,
2263,14/06/2011,1,3,4,18,24,26,3,0,0,
2262,11/06/2011,2,8,12,17,26,35,7,0,0,
2261,08/06/2011,8,11,13,16,32,37,7,0,0,
2260,04/06/2011,5,9,12,16,20,26,1,0,0,
2259,31/05/2011,2,9,20,22,23,33,2,0,0,
2258,28/05/2011,6,10,16,19,27,32,5,0,0,
2257,24/05/2011,7,12,18,23,34,36,4,1,0,
2256,21/05/2011,2,16,17,31,35,36,5,0,0,
2255,17/05/2011,3,12,15,16,27,34,2,0,0,
2254,14/05/2011,10,16,21,23,35,37,7,0,0,
2253,11/05/2011,4,8,12,14,22,24,4,0,1,
2252,07/05/2011,1,12,14,20,21,29,2,0,0,
2251,03/05/2011,5,11,13,14,34,36,4,1,0,
2250,30/04/2011,3,4,19,23,27,33,6,0,0,
2249,27/04/2011,3,14,17,24,30,35,4,0,0,
2248,23/04/2011,10,14,19,20,23,34,5,0,0,
2247,20/04/2011,12,13,15,26,28,36,4,0,0,
2246,16/04/2011,7,8,11,13,15,28,1,0,0,
2245,12/04/2011,5,12,17,19,24,34,2,0,0,
2244,09/04/2011,6,16,18,22,26,31,7,0,0,
2243,05/04/2011,5,6,8,12,29,35,7,0,0,
2242,02/04/2011,6,14,16,19,21,30,2,0,0,
2241,29/03/2011,6,13,21,23,24,29,1,0,0,
2240,26/03/2011,8,12,13,19,23,29,3,0,0,
2239,22/03/2011,4,5,7,8,15,33,7,0,0,
2238,19/03/2011,8,10,17,19,24,32,3,0,0,
2237,15/03/2011,4,11,18,19,22,28,2,0,0,
2236,12/03/2011,3,7,14,17,18,20,1,1,0,
2235,08/03/2011,2,7,8,9,13,28,3,0,0,
2234,05/03/2011,2,17,19,21,26,31,6,1,0,
2233,01/03/2011,13,20,25,28,33,35,8,0,0,
2232,26/02/2011,19,23,24,28,29,33,5,0,0,
2231,22/02/2011,1,9,10,11,15,21,1,0,0,
2230,19/02/2011,1,10,12,17,26,30,1,0,0,
2229,15/02/2011,10,16,19,24,27,32,4,0,0,
2228,12/02/2011,1,4,18,20,26,31,2,1,0,
2227,08/02/2011,3,7,9,18,30,35,3,0,0,
2226,05/02/2011,7,20,24,26,34,36,5,0,0,
2225,01/02/2011,8,12,21,31,33,34,1,0,1,
2224,29/01/2011,7,10,12,13,30,36,7,0,0,
2223,25/01/2011,5,7,21,25,36,37,6,0,0,
2222,22/01/2011,4,11,13,20,29,33,5,0,0,
2221,18/01/2011,6,7,12,22,26,37,7,0,0,
2220,15/01/2011,7,12,16,22,25,28,7,1,0,
2219,11/01/2011,5,21,25,26,29,37,7,0,0,
2218,08/01/2011,3,11,29,32,33,35,6,0,0,
2217,04/01/2011,4,13,21,24,26,31,7,1,0,
2216,01/01/2011,2,13,14,19,31,35,1,0,0,
2215,28/12/2010,2,9,10,22,31,37,8,1,0,
2214,25/12/2010,7,8,10,16,28,35,7,0,0,
2213,21/12/2010,6,8,10,20,22,36,5,0,0,
2212,18/12/2010,2,5,6,9,17,35,1,0,0,
2211,14/12/2010,3,8,11,19,21,32,1,0,0,
2210,11/12/2010,5,8,19,23,28,36,2,0,0,
2209,07/12/2010,3,7,11,16,17,36,1,0,0,
2208,04/12/2010,3,11,12,20,27,34,5,0,0,
2207,30/11/2010,12,19,23,25,28,32,1,0,0,
2206,27/11/2010,6,9,12,18,23,25,1,0,0,
2205,23/11/2010,4,9,12,16,21,31,5,0,0,
2204,20/11/2010,7,13,14,21,35,37,7,0,1,
2203,16/11/2010,11,12,14,15,32,34,8,0,0,
2202,13/11/2010,12,15,19,31,35,37,5,0,0,
2201,09/11/2010,21,22,26,29,33,36,2,0,0,
2200,06/11/2010,18,20,21,24,25,31,7,0,0,
2199,02/11/2010,2,11,24,31,35,36,2,0,0,
2198,30/10/2010,8,11,16,30,31,33,5,0,0,
2197,26/10/2010,1,11,15,17,29,32,3,0,0,
2196,23/10/2010,4,5,14,17,23,35,5,0,0,
2195,19/10/2010,8,9,21,28,32,33,8,0,0,
2194,16/10/2010,13,14,26,32,33,36,2,3,0,
2193,12/10/2010,10,17,29,32,34,35,4,0,0,
2192,09/10/2010,13,14,21,30,32,37,1,0,0,
2191,05/10/2010,3,14,24,29,30,33,6,0,0,
2190,02/10/2010,13,14,18,31,34,35,7,0,0,
2189,28/09/2010,2,14,15,16,25,35,5,0,1,
2188,25/09/2010,4,15,20,21,27,32,7,0,0,
2187,21/09/2010,13,14,26,32,33,36,1,0,0,
2186,19/09/2010,3,4,5,27,29,30,4,0,0,
2185,14/09/2010,14,16,21,22,24,35,2,0,0,
2184,12/09/2010,1,4,13,16,34,36,6,0,0,
2183,07/09/2010,4,5,16,17,30,35,5,0,0,
2182,04/09/2010,10,15,24,25,30,37,6,0,0,
2181,31/08/2010,12,13,16,18,22,36,7,0,0,
2180,28/08/2010,1,7,11,15,21,34,3,0,0,
2179,24/08/2010,3,8,11,12,25,27,3,0,0,
2178,21/08/2010,1,10,12,13,15,37,1,1,0,
2177,17/08/2010,1,7,12,14,25,30,4,0,0,
2176,14/08/2010,8,17,18,24,26,31,2,0,0,
2175,10/08/2010,12,17,18,19,21,37,3,0,0,
2174,07/08/2010,7,8,18,19,20,33,8,0,0,
2173,03/08/2010,15,19,27,28,30,31,3,0,0,
2172,31/07/2010,1,6,7,13,19,29,7,0,0,
2171,27/07/2010,1,6,9,24,35,36,5,0,0,
2170,24/07/2010,3,4,5,14,26,32,4,0,0,
2169,20/07/2010,2,9,13,20,21,24,4,0,1,
2168,17/07/2010,1,8,9,10,16,37,5,0,0,
2167,13/07/2010,6,9,20,22,27,36,4,0,0,
2166,10/07/2010,6,8,9,16,25,36,2,0,0,
2165,06/07/2010,7,9,21,23,24,27,5,0,1,
2164,03/07/2010,4,8,12,14,29,37,3,0,0,
2163,01/07/2010,3,4,6,8,15,20,3,0,0,
2162,29/06/2010,1,11,13,27,29,32,1,1,1,
2161,26/06/2010,6,10,14,16,28,31,5,0,0,
2160,24/06/2010,8,15,23,25,26,37,8,0,0,
2159,22/06/2010,2,11,16,18,22,29,1,0,0,
2158,19/06/2010,4,5,6,7,10,28,6,0,0,
2157,15/06/2010,2,6,17,20,21,30,5,0,0,
2156,12/06/2010,7,8,15,23,25,26,8,0,0,
2155,08/06/2010,11,12,23,25,28,31,1,1,0,
2154,05/06/2010,10,22,25,29,31,34,8,0,0,
2153,03/06/2010,2,10,15,26,28,34,4,0,0,
2152,01/06/2010,2,10,11,12,19,34,8,0,0,
2151,29/05/2010,1,4,17,19,27,36,5,0,0,
2150,25/05/2010,9,10,12,16,20,23,2,0,0,
2149,22/05/2010,18,19,23,24,28,31,3,0,0,
2148,19/05/2010,2,3,9,18,23,30,5,0,0,
2147,15/05/2010,4,8,14,19,35,36,4,0,0,
2146,11/05/2010,4,17,19,22,32,35,3,0,0,
2145,08/05/2010,1,10,12,19,30,32,3,0,0,
2144,06/05/2010,1,2,12,16,22,25,3,0,0,
2143,04/05/2010,9,18,31,33,34,35,7,0,0,
2142,01/05/2010,2,8,9,18,20,27,7,0,0,
2141,27/04/2010,2,3,5,8,10,14,4,1,0,
2140,24/04/2010,4,7,22,29,31,36,3,0,0,
2139,21/04/2010,6,10,23,24,28,36,4,0,0,
2138,17/04/2010,1,11,20,27,28,30,4,0,0,
2137,13/04/2010,5,11,14,15,21,32,3,0,0,
2136,10/04/2010,12,15,21,24,28,34,7,1,0,
2135,06/04/2010,2,11,18,22,31,36,2,0,0,
2134,03/04/2010,6,9,10,21,26,27,6,0,0,
2133,30/03/2010,1,5,10,22,28,30,8,0,0,
2132,27/03/2010,7,11,15,25,30,36,1,0,0,
2131,23/03/2010,8,12,21,25,27,31,2,0,0,
2130,20/03/2010,4,11,12,14,25,29,1,1,0,
2129,16/03/2010,14,15,21,27,30,32,2,0,0,
2128,13/03/2010,1,2,13,15,24,26,1,0,0,
2127,09/03/2010,7,8,9,13,20,33,1,0,0,
2126,06/03/2010,6,7,27,34,35,36,7,0,0,
2125,02/03/2010,6,11,18,25,29,33,5,0,0,
2124,27/02/2010,7,16,21,24,26,34,8,0,0,
2123,23/02/2010,13,23,25,29,31,35,2,0,0,
2122,20/02/2010,3,4,13,15,18,19,6,0,0,
2121,16/02/2010,1,2,13,24,30,32,2,0,0,
2120,13/02/2010,1,8,11,13,15,25,4,0,0,
2119,09/02/2010,11,18,24,26,31,34,6,1,0,
2118,06/02/2010,7,19,22,24,28,37,7,0,0,
2117,02/02/2010,5,13,14,15,18,30,1,0,0,
2116,30/01/2010,14,23,26,27,33,35,5,0,0,
2115,26/01/2010,2,11,14,24,28,30,1,0,0,
2114,23/01/2010,9,10,11,14,24,33,6,0,0,
2113,19/01/2010,6,9,19,25,32,33,6,0,0,
2112,16/01/2010,10,12,14,15,28,37,4,0,0,
2111,12/01/2010,2,7,9,10,12,20,4,0,0,
2110,09/01/2010,1,3,4,32,33,35,2,0,0,
2109,05/01/2010,3,6,22,32,33,36,4,0,0,
2108,02/01/2010,1,11,12,27,31,35,4,1,0,
2107,29/12/2009,7,8,12,13,29,31,8,0,0,
2106,26/12/2009,6,8,14,21,23,24,7,0,1,
2105,22/12/2009,16,19,22,24,26,28,2,0,0,
2104,19/12/2009,10,15,19,25,34,36,1,0,0,
2103,15/12/2009,9,21,22,23,25,35,7,0,0,
2102,12/12/2009,4,6,12,23,26,30,6,0,0,
2101,08/12/2009,1,6,15,20,22,24,4,0,0,
2100,05/12/2009,3,22,25,28,33,34,3,0,0,
2099,01/12/2009,1,11,13,24,29,31,8,0,0,
2098,28/11/2009,9,10,16,27,30,34,3,0,0,
2097,24/11/2009,5,6,7,24,29,33,8,0,0,
2096,21/11/2009,1,14,16,17,27,36,4,0,0,
2095,17/11/2009,2,12,13,18,28,30,4,0,0,
2094,14/11/2009,5,6,14,31,32,34,4,0,0,
2093,10/11/2009,4,17,18,22,31,32,6,0,0,
2092,07/11/2009,3,11,17,18,25,33,4,0,0,
2091,03/11/2009,3,6,9,11,25,32,7,0,0,
2090,31/10/2009,6,8,17,20,22,25,1,0,0,
2089,27/10/2009,3,10,11,23,24,25,1,0,0,
2088,24/10/2009,5,7,19,23,30,33,5,0,0,
2087,20/10/2009,8,14,25,27,31,37,3,0,0,
2086,17/10/2009,1,3,10,14,23,37,3,0,0,
2085,13/10/2009,2,11,15,19,28,36,6,0,0,
2084,10/10/2009,2,6,12,17,32,37,6,1,0,
2083,06/10/2009,3,12,20,22,25,28,8,0,0,
2082,03/10/2009,1,14,16,17,26,34,4,0,0,
2081,29/09/2009,4,8,14,21,22,34,8,0,0,
2080,26/09/2009,2,4,8,11,16,34,2,0,0,
2079,22/09/2009,2,6,8,18,21,29,8,0,0,
2078,20/09/2009,5,6,10,23,25,34,8,0,0,
2077,15/09/2009,21,23,25,30,31,33,2,1,0,
2076,12/09/2009,14,17,24,30,32,35,7,0,0,
2075,08/09/2009,8,14,20,21,28,35,1,0,0,
2074,05/09/2009,3,10,14,17,22,37,3,0,0,
2073,01/09/2009,4,8,11,16,27,31,1,0,0,
2072,29/08/2009,7,8,11,12,20,35,6,0,0,
2071,25/08/2009,6,7,14,16,17,28,8,0,0,
2070,22/08/2009,1,10,21,22,31,34,3,0,0,
2069,18/08/2009,12,17,20,22,25,30,3,0,0,
2068,15/08/2009,8,11,17,21,25,31,2,0,0,
2067,11/08/2009,7,16,20,22,32,34,8,0,0,
2066,08/08/2009,4,13,16,23,33,37,4,0,0,
2065,06/08/2009,4,5,11,28,29,34,1,0,0,
2064,04/08/2009,1,3,16,23,33,37,8,0,0,
2063,01/08/2009,3,5,20,27,33,37,1,0,0,
2062,28/07/2009,1,2,4,22,29,36,4,0,0,
2061,25/07/2009,2,3,4,17,20,26,4,0,0,
2060,21/07/2009,3,7,17,19,21,33,6,0,0,
2059,18/07/2009,6,20,30,32,34,35,7,0,0,
2058,14/07/2009,6,7,10,15,16,20,3,1,0,
2057,11/07/2009,4,17,18,24,26,37,3,1,0,
2056,07/07/2009,2,3,13,14,20,26,2,0,0,
2055,04/07/2009,8,9,14,18,22,37,5,0,0,
2054,02/07/2009,6,11,21,24,25,26,6,0,0,
2053,30/06/2009,2,11,12,21,35,36,6,0,0,
2052,27/06/2009,2,12,24,25,27,28,5,0,0,
2051,23/06/2009,6,11,13,17,26,31,7,0,0,
2050,20/06/2009,8,9,11,28,30,35,2,0,0,
2049,18/06/2009,20,27,30,32,34,37,3,0,0,
2048,16/06/2009,6,18,19,23,27,31,4,0,0,
2047,13/06/2009,2,8,10,18,21,28,2,0,0,
2046,09/06/2009,9,12,14,15,23,34,1,0,0,
2045,06/06/2009,13,23,29,31,32,34,1,0,0,
2044,04/06/2009,5,6,8,16,18,30,3,0,0,
2043,02/06/2009,6,9,12,19,27,32,4,0,0,
2042,30/05/2009,2,22,24,32,36,37,7,0,0,
2041,26/05/2009,2,5,9,17,23,33,3,0,1,
2040,23/05/2009,21,23,29,30,31,35,2,0,0,
2039,19/05/2009,4,5,10,11,30,37,4,0,0,
2038,16/05/2009,4,15,20,30,31,35,2,0,0,
2037,12/05/2009,3,6,18,26,27,34,6,0,0,
2036,09/05/2009,13,16,17,19,21,28,4,1,0,
2035,07/05/2009,7,9,28,29,36,37,1,0,0,
2034,05/05/2009,16,24,29,32,36,37,3,0,0,
2033,02/05/2009,5,11,15,20,21,26,5,0,0,
2032,29/04/2009,2,6,13,21,27,31,7,0,0,
2031,25/04/2009,1,5,6,16,27,33,3,0,0,
2030,21/04/2009,10,17,19,32,35,37,4,0,0,
2029,18/04/2009,13,16,18,25,32,33,7,1,0,
2028,15/04/2009,9,12,17,18,33,34,5,0,0,
2027,11/04/2009,4,5,10,11,20,25,5,0,0,
2026,07/04/2009,3,18,21,24,27,29,1,1,0,
2025,04/04/2009,15,17,21,35,36,37,6,0,0,
2024,02/04/2009,1,9,17,25,28,33,2,1,0,
2023,31/03/2009,2,8,21,22,33,35,4,0,0,
2022,28/03/2009,12,13,20,24,28,31,1,0,0,
2021,24/03/2009,2,8,12,21,26,28,5,0,0,
2020,21/03/2009,3,4,12,14,20,31,2,0,0,
2019,17/03/2009,7,9,10,11,20,33,3,0,0,
2018,14/03/2009,3,8,10,11,19,31,2,0,0,
2017,10/03/2009,5,11,15,28,30,34,2,0,0,
2016,07/03/2009,1,2,10,14,17,21,1,0,0,
2015,05/03/2009,1,7,10,24,28,35,1,0,0,
2014,03/03/2009,14,15,16,23,25,35,2,0,0,
2013,28/02/2009,8,14,24,28,34,35,8,0,0,
2012,24/02/2009,3,4,6,25,27,32,7,0,0,
2011,21/02/2009,12,13,17,22,30,33,5,0,0,
2010,17/02/2009,9,11,15,22,24,27,6,0,1,
2009,14/02/2009,1,8,10,16,26,30,6,0,0,
2008,10/02/2009,6,9,12,19,25,29,7,0,0,
2007,07/02/2009,1,4,5,6,19,30,8,0,0,
2006,05/02/2009,4,5,6,8,25,29,9,0,0,
2005,03/02/2009,9,13,15,17,19,32,5,0,0,
2004,31/01/2009,6,10,11,21,23,31,9,0,0,
2003,27/01/2009,3,6,7,10,23,25,7,0,0,
2002,24/01/2009,1,9,10,12,19,34,1,0,0,
2001,20/01/2009,1,5,16,19,26,33,7,1,0,
2000,17/01/2009,7,9,24,25,30,34,8,0,0,
1999,13/01/2009,2,3,11,12,20,30,4,0,0,
1998,10/01/2009,3,4,6,17,27,31,9,0,0,
1997,06/01/2009,5,24,26,27,29,30,5,0,0,
1996,03/01/2009,11,15,17,18,29,30,5,1,0,
1995,01/01/2009,2,4,13,19,29,31,7,0,0,
1994,30/12/2008,10,15,24,29,32,33,5,0,0,
1993,27/12/2008,6,8,10,18,31,32,9,0,0,
1992,25/12/2008,12,20,24,26,30,33,3,0,0,
1991,23/12/2008,1,2,15,17,19,25,7,0,0,
1990,20/12/2008,9,11,12,17,19,23,1,0,0,
1989,16/12/2008,4,11,20,22,30,32,9,0,0,
1988,13/12/2008,4,5,10,19,28,30,6,0,0,
1987,09/12/2008,5,11,12,18,26,34,5,1,0,
1986,06/12/2008,3,17,24,27,30,31,10,0,0,
1985,04/12/2008,4,7,18,21,28,30,5,0,0,
1984,02/12/2008,5,14,15,23,25,34,1,0,0,
1983,29/11/2008,3,8,13,17,22,29,8,0,0,
1982,25/11/2008,2,7,12,16,29,34,5,0,0,
1981,22/11/2008,9,15,18,22,23,24,3,0,0,
1980,18/11/2008,4,8,15,22,28,31,7,0,0,
1979,15/11/2008,4,8,25,26,29,31,4,0,0,
1978,11/11/2008,7,10,13,19,29,33,7,1,0,
1977,08/11/2008,5,19,22,27,29,34,5,0,0,
1976,06/11/2008,5,10,14,15,24,31,9,0,0,
1975,04/11/2008,2,5,11,21,24,31,3,0,0,
1974,01/11/2008,3,9,10,15,17,26,2,0,0,
1973,30/10/2008,2,6,14,26,27,30,2,0,0,
1972,28/10/2008,6,10,23,28,29,30,4,0,0,
1971,25/10/2008,1,7,8,19,24,26,4,0,0,
1970,22/10/2008,7,10,11,13,23,33,6,0,0,
1969,18/10/2008,4,8,17,18,22,32,1,0,0,
1968,14/10/2008,4,7,13,14,15,20,2,0,0,
1967,11/10/2008,9,10,20,24,26,27,7,0,0,
1966,07/10/2008,4,5,14,18,24,31,4,1,0,
1965,04/10/2008,2,9,13,16,20,23,5,1,0,
1964,01/10/2008,3,4,5,7,10,16,6,0,0,
1963,27/09/2008,3,5,9,16,18,26,2,0,0,
1962,23/09/2008,3,12,14,22,27,33,7,0,0,
1961,20/09/2008,10,14,17,26,30,33,10,0,0,
1960,16/09/2008,4,19,24,25,30,34,4,0,1,
1959,13/09/2008,2,3,5,11,13,24,2,0,0,
1958,09/09/2008,13,15,18,22,23,31,3,0,0,
1957,06/09/2008,4,9,12,24,29,33,7,0,0,
1956,02/09/2008,1,5,9,23,24,30,6,0,0,
1955,30/08/2008,13,18,25,26,31,32,1,0,0,
1954,26/08/2008,4,6,15,23,27,33,3,0,1,
1953,23/08/2008,1,2,8,10,19,22,5,0,0,
1952,19/08/2008,10,14,18,19,21,23,5,0,0,
1951,16/08/2008,12,18,19,23,28,29,3,0,0,
1950,12/08/2008,2,9,18,26,28,33,6,0,0,
1949,08/08/2008,3,8,13,20,31,33,10,0,0,
1948,05/08/2008,1,12,17,21,28,32,8,0,0,
1947,02/08/2008,1,19,20,22,28,34,4,1,0,
1946,29/07/2008,2,11,13,17,32,34,6,0,0,
1945,26/07/2008,5,15,21,22,27,29,10,0,0,
1944,22/07/2008,3,10,13,18,21,31,3,1,0,
1943,19/07/2008,12,15,17,18,26,31,9,0,0,
1942,15/07/2008,11,12,13,21,23,24,7,0,0,
1941,12/07/2008,5,8,12,16,21,25,1,0,0,
1940,08/07/2008,3,16,20,23,27,28,5,1,0,
1939,05/07/2008,3,19,25,26,32,34,10,0,0,
1938,01/07/2008,4,11,13,17,24,28,10,1,0,
1937,28/06/2008,4,7,11,14,22,25,7,1,0,
1936,24/06/2008,1,9,15,16,19,34,2,0,1,
1935,21/06/2008,2,9,13,19,23,32,3,0,1,
1934,17/06/2008,3,7,8,22,24,30,8,0,0,
1933,14/06/2008,2,4,19,27,33,34,8,0,0,
1932,11/06/2008,4,12,14,21,24,30,2,0,0,
1931,07/06/2008,1,2,17,18,32,34,6,0,0,
1930,03/06/2008,3,4,6,13,21,30,6,0,0,
1929,31/05/2008,2,8,20,25,31,32,9,0,0,
1928,27/05/2008,2,3,4,12,18,28,6,0,0,
1927,24/05/2008,1,2,16,17,20,31,3,0,0,
1926,20/05/2008,1,12,16,20,22,23,8,1,0,
1925,17/05/2008,5,9,13,24,27,31,2,0,0,
1924,13/05/2008,6,12,13,16,28,32,6,0,0,
1923,10/05/2008,6,11,18,25,29,30,8,0,0,
1922,06/05/2008,3,10,18,27,28,30,2,1,0,
1921,03/05/2008,11,18,22,24,26,29,5,2,0,
1920,29/04/2008,4,13,19,23,27,28,1,0,0,
1919,26/04/2008,1,2,3,6,7,17,6,0,0,
1918,22/04/2008,5,7,9,17,25,30,8,0,0,
1917,18/04/2008,1,5,8,14,21,23,10,0,0,
1916,15/04/2008,6,11,23,25,28,29,3,1,0,
1915,12/04/2008,3,12,19,26,29,33,8,0,0,
1914,08/04/2008,2,10,11,13,14,17,7,1,0,
1913,05/04/2008,6,9,12,18,19,31,6,1,0,
1912,01/04/2008,5,7,12,16,18,34,4,0,0,
1911,29/03/2008,5,7,9,20,26,31,9,1,0,
1910,25/03/2008,13,28,29,31,32,34,10,1,0,
1909,22/03/2008,2,4,21,26,27,33,4,0,0,
1908,18/03/2008,8,11,14,26,28,29,1,0,0,
1907,15/03/2008,5,13,17,22,25,34,7,0,0,
1906,11/03/2008,1,7,8,16,17,24,3,0,0,
1905,08/03/2008,6,19,20,21,25,32,9,0,0,
1904,04/03/2008,9,11,12,20,30,33,7,0,0,
1903,01/03/2008,5,7,15,23,27,32,4,0,0,
1902,26/02/2008,7,14,15,24,27,34,9,0,0,
1901,23/02/2008,3,4,22,23,24,26,1,0,0,
1900,19/02/2008,3,7,13,15,21,26,7,0,0,
1899,16/02/2008,3,8,14,16,17,21,3,0,0,
1898,12/02/2008,9,17,18,20,33,34,8,0,0,
1897,09/02/2008,2,12,20,24,29,31,9,1,0,
1896,05/02/2008,6,10,16,17,20,32,8,0,0,
1895,02/02/2008,2,7,8,14,21,33,2,1,1,
1894,29/01/2008,2,3,23,25,31,32,8,0,0,
1893,26/01/2008,6,14,17,26,30,32,7,0,0,
1892,22/01/2008,2,3,7,15,17,28,8,0,0,
1891,19/01/2008,7,12,17,21,25,29,2,0,0,
1890,15/01/2008,2,3,7,11,20,28,8,0,0,
1889,12/01/2008,10,12,16,28,29,31,6,1,0,
1888,08/01/2008,8,10,17,22,26,31,1,0,0,
1887,05/01/2008,4,7,11,15,18,31,9,0,0,
1886,31/12/2007,1,3,6,18,22,28,2,0,0,
1885,29/12/2007,5,15,17,23,27,30,2,0,0,
1884,25/12/2007,2,3,9,10,14,18,5,0,0,
1883,22/12/2007,2,5,14,20,22,30,8,0,0,
1882,18/12/2007,3,11,13,16,17,33,8,0,0,
1881,15/12/2007,3,4,15,17,18,33,9,0,0,
1880,11/12/2007,14,17,18,22,25,34,5,1,0,
1879,08/12/2007,5,13,25,28,32,34,6,0,0,
1878,06/12/2007,10,14,17,23,24,34,9,0,0,
1877,04/12/2007,3,14,16,23,24,31,1,0,0,
1876,01/12/2007,3,4,8,11,17,19,9,0,0,
1875,27/11/2007,1,2,7,27,29,31,3,0,0,
1874,24/11/2007,7,11,15,19,22,27,3,1,0,
1873,20/11/2007,7,11,15,20,31,33,6,0,0,
1872,17/11/2007,3,4,9,14,15,30,3,0,0,
1871,13/11/2007,3,7,11,14,23,28,4,0,0,
1870,10/11/2007,5,8,10,15,26,30,6,0,0,
1869,06/11/2007,1,19,22,25,27,32,2,0,0,
1868,03/11/2007,10,12,13,19,21,28,4,0,0,
1867,01/11/2007,3,5,15,23,28,32,7,0,0,
1866,30/10/2007,10,14,23,27,30,31,10,0,0,
1865,27/10/2007,2,5,10,11,17,22,4,0,1,
1864,23/10/2007,11,12,15,17,19,31,2,0,0,
1863,20/10/2007,4,7,9,10,24,33,8,0,0,
1862,16/10/2007,6,8,14,18,19,29,5,0,0,
1861,13/10/2007,10,14,17,21,29,30,5,0,0,
1860,11/10/2007,2,7,8,12,26,29,3,0,0,
1859,09/10/2007,5,10,12,22,32,33,1,0,0,
1858,06/10/2007,4,10,12,15,21,29,3,0,0,
1857,02/10/2007,1,2,3,5,33,34,2,0,0,
1856,29/09/2007,1,2,11,18,28,34,3,0,0,
1855,25/09/2007,1,6,7,10,26,29,6,0,0,
1854,23/09/2007,8,16,17,22,23,24,1,0,1,
1853,18/09/2007,4,16,19,28,30,32,10,1,0,
1852,16/09/2007,3,4,9,16,23,27,3,1,0,
1851,11/09/2007,3,12,15,26,33,34,10,0,0,
1850,08/09/2007,3,10,18,21,25,27,2,0,0,
1849,06/09/2007,2,6,22,31,32,33,5,0,0,
1848,04/09/2007,3,14,20,31,33,34,7,2,0,
1847,01/09/2007,1,3,8,11,20,31,9,0,0,
1846,28/08/2007,20,28,29,30,32,34,3,0,0,
1845,25/08/2007,7,13,15,22,30,32,5,0,0,
1844,21/08/2007,5,13,21,25,31,33,3,0,0,
1843,18/08/2007,6,7,12,21,28,30,8,0,0,
1842,14/08/2007,3,9,10,16,30,32,8,0,1,
1841,11/08/2007,3,7,9,15,18,29,1,0,0,
